1	ford	101	2500363.0
1	nissan	18	257212.0
1	toyota	22	472553.0
1	honda	14	194527.0
1	chevrolet	46	816399.0
1	jeep	10	113679.0
1	ram	12	239951.0
10	chevrolet	74	1265499.0
10	ram	32	713842.0
10	ford	145	3023164.0
10	nissan	26	399716.0
10	bmw	18	327793.0
10	gmc	18	384210.0
10	cadillac	11	113515.0
10	toyota	47	561041.0
10	jeep	43	758220.0
10	honda	26	221342.0
10	lincoln	20	122749.0
10	dodge	21	289864.0
10	hyundai	15	174773.0
10	mercedes-benz	11	134368.0
100	chevrolet	61	1143805.0
100	bmw	26	345799.0
100	gmc	17	512478.0
100	toyota	43	682854.0
100	jeep	20	416374.0
100	kia	17	170928.0
100	mercedes-benz	21	189169.0
100	volkswagen	12	63720.0
100	subaru	12	96260.0
100	hyundai	11	134933.0
100	audi	20	594120.0
100	honda	16	176117.0
100	buick	12	193600.0
100	lincoln	14	335278.0
100	nissan	26	176675.0
100	ford	58	1110314.0
100	ram	13	201148.0
103	lexus	23	562387.0
103	ford	239	6398229.0
103	kia	18	260125.0
103	acura	19	336920.0
103	nissan	29	494977.0
103	lincoln	24	561107.0
103	dodge	39	601968.0
103	ram	49	1506427.0
103	chevrolet	107	2490742.0
103	bmw	28	777315.0
103	jeep	54	1195852.0
103	hyundai	15	164799.0
103	chrysler	15	143135.0
103	mercedes-benz	18	429427.0
103	gmc	51	1271469.0
103	audi	15	460065.0
103	toyota	54	1113028.0
103	volkswagen	22	319440.0
103	cadillac	10	241215.0
103	honda	40	413493.0
103	buick	15	324300.0
103	jaguar	10	282711.0
103	mazda	12	207610.0
106	ford	45	1396217.0
106	chevrolet	30	921157.0
106	ram	26	886206.0
106	bmw	12	285770.0
106	jeep	12	328904.0
109	ford	11	164547.0
109	chevrolet	13	268259.0
112	chrysler	16	203940.0
112	ford	70	1242757.0
112	toyota	54	845164.0
112	lincoln	12	319279.0
112	cadillac	17	330992.0
112	chevrolet	53	1004774.0
112	nissan	34	310525.0
112	hyundai	13	133515.0
112	honda	43	357961.0
112	mercedes-benz	28	395543.0
112	bmw	23	276176.0
112	volkswagen	18	85964.0
112	kia	15	142408.0
112	gmc	20	475965.0
112	jeep	30	658279.0
112	ram	14	243390.0
112	acura	19	558545.0
112	lexus	12	197453.0
112	subaru	28	271212.0
115	cadillac	32	528678.0
115	lexus	32	363179.0
115	toyota	104	914104.0
115	ford	214	2710211.0
115	honda	65	452323.0
115	volkswagen	29	276668.0
115	nissan	62	534013.0
115	ram	35	468162.0
115	dodge	34	516075.0
115	mercedes-benz	59	853861.0
115	audi	24	622340.0
115	buick	13	131308.0
115	mazda	15	86869.0
115	bmw	57	947515.0
115	infiniti	16	330982.0
115	kia	22	217740.0
115	gmc	23	373315.0
115	hyundai	18	128117.0
115	jeep	55	883370.0
115	chevrolet	110	1495548.0
115	acura	20	370449.0
115	subaru	12	134207.0
118	ram	31	1081857.0
118	ford	55	1672390.0
118	jeep	13	434208.0
118	chevrolet	31	856959.0
121	jeep	13	296274.0
121	ram	26	949138.0
121	gmc	11	517860.0
121	ford	131	4355894.0
121	toyota	18	357946.0
121	chevrolet	58	1576343.0
121	nissan	11	156525.0
124	chevrolet	157	2731333.0
124	ram	34	870479.0
124	mercedes-benz	36	695289.0
124	ford	143	3311845.0
124	jeep	36	643331.0
124	bmw	76	1644629.0
124	toyota	27	483700.0
124	dodge	26	400535.0
124	porsche	18	441100.0
124	buick	20	238104.0
124	gmc	44	920425.0
124	subaru	12	148861.0
124	volkswagen	10	168020.0
124	cadillac	12	260935.0
124	honda	19	206741.0
124	audi	26	701039.0
124	kia	10	139928.0
124	rover	11	298120.0
124	nissan	12	150640.0
124	infiniti	16	402080.0
127	chevrolet	83	2456999.0
127	ram	39	1236330.0
127	ford	112	3211110.0
127	mercedes-benz	10	405560.0
127	toyota	22	447639.0
127	gmc	15	346360.0
127	jeep	18	406920.0
127	bmw	22	583394.0
127	dodge	13	447902.0
13	kia	23	359755.0
13	mercedes-benz	54	1142342.0
13	gmc	30	658174.0
13	infiniti	30	629783.0
13	ford	209	4430267.0
13	chevrolet	103	2276715.0
13	acura	16	459289.0
13	nissan	22	293943.0
13	toyota	71	1004570.0
13	bmw	59	1730075.0
13	lexus	28	700102.0
13	lincoln	19	519166.0
13	audi	26	836476.0
13	jeep	26	543919.0
13	chrysler	10	106605.0
13	ram	78	1944246.0
13	hyundai	23	284670.0
13	cadillac	25	822754.0
13	dodge	39	734561.0
13	volkswagen	22	375487.0
13	honda	18	251446.0
133	chevrolet	364	4636707.0
133	dodge	115	1006948.0
133	cadillac	73	862493.0
133	ram	59	1284847.0
133	mini	25	321192.0
133	ford	520	7408232.0
133	acura	47	640854.0
133	chrysler	60	412313.0
133	bmw	131	2456312.0
133	mitsubishi	23	264329.0
133	pontiac	35	157831.0
133	toyota	199	2399860.0
133	volkswagen	52	629198.0
133	lexus	37	493767.0
133	gmc	110	1665385.0
133	mercury	12	62489.0
133	jeep	90	1266128.0
133	honda	157	1345253.0
133	subaru	63	652124.0
133	saturn	20	66848.0
133	volvo	22	471929.0
133	mercedes-benz	76	1252364.0
133	nissan	142	1229941.0
133	hyundai	65	442989.0
133	infiniti	25	444917.0
133	mazda	35	289269.0
133	lincoln	25	297059.0
133	buick	42	286920.0
133	kia	64	508660.0
133	audi	59	1145368.0
133	porsche	13	341450.0
133	rover	10	219939.0
136	toyota	24	379610.0
136	chevrolet	31	719705.0
136	ford	41	626444.0
136	ram	11	207835.0
136	bmw	16	460500.0
136	hyundai	10	162525.0
136	jeep	15	211690.0
142	jeep	14	259029.0
142	ford	70	1546732.0
142	chevrolet	40	1132873.0
142	gmc	14	383433.0
142	ram	21	722595.0
142	infiniti	10	320700.0
142	lexus	14	454460.0
142	toyota	19	443160.0
142	bmw	16	529250.0
145	ford	89	1553650.0
145	chevrolet	98	1597072.0
145	audi	13	449869.0
145	mercedes-benz	22	568910.0
145	toyota	31	457520.0
145	bmw	31	664585.0
145	jeep	21	517984.0
145	kia	11	130784.0
145	gmc	30	554792.0
145	dodge	21	236119.0
145	volkswagen	11	179077.0
145	honda	13	110328.0
145	ram	14	286753.0
151	toyota	164	2286543.0
151	ford	548	10073227.0
151	chevrolet	490	10061086.0
151	honda	107	1121702.0
151	nissan	110	1485716.0
151	bmw	84	2052611.0
151	audi	48	1168533.0
151	lexus	43	756811.0
151	mercedes-benz	63	1230133.0
151	hyundai	74	699702.0
151	gmc	151	3622961.0
151	jeep	140	2849613.0
151	chrysler	61	790528.0
151	buick	53	785327.0
151	kia	54	710652.0
151	ram	157	4150149.0
151	volkswagen	52	799589.0
151	lincoln	22	363989.0
151	pontiac	19	224127.0
151	dodge	113	1777478.0
151	mazda	34	414145.0
151	volvo	10	168364.0
151	mitsubishi	19	310010.0
151	infiniti	24	477732.0
151	cadillac	50	1014604.0
151	subaru	31	582990.0
151	jaguar	11	364312.0
151	mini	20	313050.0
151	saturn	11	87405.0
151	acura	36	576595.0
151	mercury	10	54685.0
154	ford	112	3720924.0
154	dodge	19	512303.0
154	chevrolet	66	1757923.0
154	ram	64	2174814.0
154	toyota	52	1478174.0
154	jeep	37	896223.0
154	hyundai	11	96770.0
154	gmc	43	2153991.0
154	subaru	15	131926.0
154	honda	15	139008.0
154	nissan	11	139389.0
154	audi	12	122899.0
157	ford	31	803316.0
157	bmw	11	292910.0
157	infiniti	11	348890.0
157	toyota	19	531030.0
157	ram	12	347098.0
157	chevrolet	26	797361.0
157	gmc	12	386124.0
157	jeep	12	360790.0
157	audi	11	371490.0
157	acura	10	290709.0
16	toyota	318	4443816.0
16	ram	88	1781594.0
16	dodge	107	8797225.0
16	ford	456	9283419.0
16	bmw	92	1299305.0
16	jeep	86	1472532.0
16	lincoln	27	256742.0
16	mercedes-benz	89	1362285.0
16	chrysler	36	405031.0
16	chevrolet	273	4844370.0
16	cadillac	42	632714.0
16	hyundai	82	636298.0
16	nissan	193	2105993.0
16	rover	11	312358.0
16	gmc	78	1761519.0
16	mitsubishi	20	126204.0
16	kia	59	517451.0
16	honda	170	1779798.0
16	subaru	27	515762.0
16	mazda	40	340357.0
16	volvo	20	259973.0
16	infiniti	23	351245.0
16	lexus	67	1216653.0
16	acura	33	642446.0
16	volkswagen	60	831196.0
16	buick	19	271507.0
16	audi	37	687451.0
16	jaguar	17	289826.0
16	mini	10	146439.0
160	toyota	489	11067179.0
160	volvo	16	415215.0
160	ford	298	5096474.0
160	chevrolet	168	3401223.0
160	mazda	56	625585.0
160	kia	99	2305626.0
160	honda	211	3161202.0
160	dodge	65	788327.0
160	mercedes-benz	141	2750861.0
160	audi	74	2102103.0
160	mini	86	1611675.0
160	bmw	98	2250269.0
160	volkswagen	97	1164938.0
160	hyundai	52	774912.0
160	subaru	53	1030260.0
160	ram	48	1229676.0
160	jeep	73	1368276.0
160	nissan	196	3025421.0
160	chrysler	27	246282.0
160	porsche	39	1858698.0
160	acura	80	638876.0
160	gmc	42	957203.0
160	infiniti	26	437471.0
160	rover	29	966624.0
160	lexus	96	2117181.0
160	cadillac	24	580992.0
160	buick	13	72795.0
160	jaguar	16	474533.0
163	chrysler	45	416385.0
163	ram	96	2471634.0
163	ford	456	9249507.0
163	volkswagen	43	672360.0
163	jeep	80	1077362.0
163	jaguar	15	425224.0
163	toyota	155	2293511.0
163	subaru	31	487461.0
163	mini	14	247369.0
163	kia	44	510037.0
163	honda	107	1013547.0
163	mazda	27	257485.0
163	gmc	72	1408516.0
163	buick	31	311530.0
163	acura	33	623434.0
163	chevrolet	314	5575972.0
163	nissan	70	791288.0
163	hyundai	34	404709.0
163	audi	47	1267485.0
163	lincoln	25	512436.0
163	dodge	105	1409662.0
163	lexus	39	784354.0
163	bmw	61	1577002.0
163	mercedes-benz	43	691982.0
163	volvo	17	1234876066.0
163	cadillac	46	838541.0
163	infiniti	37	904859.0
163	pontiac	22	83870.0
163	mitsubishi	24	380643.0
166	toyota	17	305018.0
166	ford	21	379364.0
166	cadillac	13	438555.0
166	acura	12	257126.0
166	chevrolet	19	473919.0
166	gmc	11	322900.0
169	toyota	68	1323312.0
169	ford	153	3812875.0
169	honda	27	413983.0
169	chevrolet	88	2120664.0
169	nissan	45	594080.0
169	dodge	31	321341.0
169	mazda	10	152400.0
169	ram	48	1428749.0
169	lexus	19	210091.0
169	gmc	59	1803341.0
169	audi	21	335898.0
169	cadillac	16	173626.0
169	jeep	17	389018.0
169	subaru	18	232596.0
169	bmw	12	106870.0
169	buick	19	236975.0
169	hyundai	18	229362.0
169	volkswagen	16	125740.0
172	jeep	12	307985.0
172	chevrolet	29	519677.0
172	toyota	15	215925.0
172	ford	37	515382.0
172	ram	13	381840.0
172	gmc	10	210745.0
175	subaru	119	1798723.0
175	chevrolet	335	6289003.0
175	honda	134	1617311.0
175	nissan	164	2009505.0
175	toyota	280	5786430.0
175	acura	26	389932.0
175	ford	538	12050823.0
175	chrysler	31	341897.0
175	ram	205	6003542.0
175	dodge	123	1267759.0
175	volkswagen	64	643083.0
175	hyundai	91	1079304.0
175	audi	73	1358871.0
175	gmc	158	4409229.0
175	jeep	146	3036211.0
175	kia	81	980984.0
175	mazda	39	453119.0
175	buick	26	285257.0
175	bmw	51	752541.0
175	lexus	36	587103.0
175	mini	15	188726.0
175	cadillac	30	275351.0
175	volvo	16	229210.0
175	mercedes-benz	38	814396.0
175	mitsubishi	16	150941.0
175	infiniti	18	287191.0
178	chevrolet	143	3294061.0
178	toyota	40	647721.0
178	ram	54	1506990.0
178	kia	10	140145.0
178	ford	141	3007071.0
178	dodge	36	837425.0
178	cadillac	18	439603.0
178	gmc	55	1234090.0
178	bmw	22	701452.0
178	nissan	16	232423.0
178	chrysler	13	147788.0
178	audi	21	555275.0
178	buick	14	212630.0
178	acura	14	387980.0
178	mercedes-benz	27	992741.0
178	volkswagen	12	202315.0
178	jeep	37	759747.0
178	lincoln	13	261830.0
181	ford	80	1425272.0
181	chevrolet	61	1084467.0
181	honda	31	273429.0
181	nissan	20	237428.0
181	mercedes-benz	24	259974.0
181	acura	15	344975.0
181	bmw	37	772010.0
181	jeep	16	297151.0
181	infiniti	14	131910.0
181	mazda	17	192275.0
181	toyota	36	506858.0
181	cadillac	10	244604.0
181	lexus	15	278010.0
181	gmc	14	224149.0
184	ram	14	464840.0
184	toyota	11	201090.0
184	chevrolet	28	604045.0
184	ford	28	539335.0
184	jeep	18	418665.0
184	bmw	14	335090.0
184	honda	16	184805.0
184	infiniti	10	315710.0
187	chevrolet	14	400690.0
187	ford	20	475180.0
19	ford	375	5934611.0
19	mazda	56	494591.0
19	porsche	24	745226.0
19	hyundai	119	985285.0
19	jeep	90	1458449.0
19	ram	60	1049844.0
19	chevrolet	292	4630058.0
19	dodge	72	1196149.0
19	toyota	269	3143578.0
19	volkswagen	103	1074034.0
19	bmw	172	2232008.0
19	acura	23	475220.0
19	mercedes-benz	159	2539012.0
19	chrysler	43	368942.0
19	mini	25	316218.0
19	lexus	68	1089992.0
19	honda	149	1532416.0
19	cadillac	55	779758.0
19	mitsubishi	18	78936.0
19	audi	56	664840.0
19	buick	21	199705.0
19	rover	19	394731.0
19	nissan	201	1937558.0
19	subaru	25	351188.0
19	gmc	53	1062584.0
19	volvo	15	156850.0
19	kia	54	466090.0
19	infiniti	45	491135.0
19	fiat	12	129670.0
19	lincoln	16	217737.0
190	jeep	126	2038874.0
190	ram	92	2076415.0
190	ford	458	6869077.0
190	chevrolet	416	5938868.0
190	cadillac	67	921934.0
190	volkswagen	81	1187733.0
190	subaru	101	1249816.0
190	audi	58	1456087.0
190	honda	146	1727791.0
190	lincoln	31	603416.0
190	kia	92	1209854.0
190	pontiac	30	344190.0
190	nissan	124	1395914.0
190	porsche	10	394976.0
190	mercury	11	56585.0
190	hyundai	78	753085.0
190	toyota	174	2724874.0
190	mini	25	457932.0
190	gmc	85	1755876.0
190	infiniti	37	1019741.0
190	mitsubishi	20	137415.0
190	mercedes-benz	93	2259948.0
190	mazda	38	385177.0
190	acura	39	794454.0
190	buick	68	552715.0
190	dodge	89	1247200.0
190	bmw	90	2297632.0
190	jaguar	16	408514.0
190	chrysler	40	415165.0
190	volvo	28	584063.0
190	lexus	51	1387331.0
193	nissan	24	309211.0
193	ram	16	355015.0
193	ford	103	2004338.0
193	chevrolet	63	12384619.0
193	toyota	39	687038.0
193	buick	22	418237.0
193	honda	13	113030.0
193	mercedes-benz	10	244190.0
193	gmc	35	864749.0
193	mitsubishi	13	201105.0
193	kia	13	205231.0
193	jeep	16	418718.0
193	volvo	15	462250.0
196	lexus	18	462250.0
196	chevrolet	122	2541548.0
196	ford	155	3328752.0
196	mitsubishi	12	255820.0
196	volkswagen	16	219494.0
196	jeep	43	719064.0
196	gmc	44	1075459.0
196	acura	13	253795.0
196	jaguar	10	270590.0
196	audi	16	472570.0
196	ram	34	1086665.0
196	mercedes-benz	21	558579.0
196	hyundai	13	158005.0
196	bmw	19	495174.0
196	honda	52	782125.0
196	toyota	42	787619.0
196	buick	15	340185.0
196	cadillac	21	487690.0
196	dodge	17	324560.0
196	nissan	26	412885.0
196	subaru	25	261690.0
196	infiniti	10	199644.0
196	lincoln	14	412380.0
196	kia	18	224995.0
196	mazda	17	238883.0
199	gmc	107	2719052.0
199	ford	450	8333278.0
199	honda	193	2449234.0
199	dodge	80	971864.0
199	mercedes-benz	92	1409818.0
199	chevrolet	315	6477651.0
199	jeep	145	2754796.0
199	nissan	183	1994772.0
199	lincoln	33	661034.0
199	acura	45	782519.0
199	bmw	87	1509820.0
199	ram	81	1749857.0
199	lexus	68	1285149.0
199	kia	63	773508.0
199	hyundai	64	801653.0
199	toyota	235	3741499996.0
199	chrysler	33	322377.0
199	infiniti	37	937237.0
199	mercury	10	156130.0
199	cadillac	41	999511.0
199	volkswagen	58	921014.0
199	alfa-romeo	10	266978.0
199	volvo	15	234143.0
199	subaru	55	996779.0
199	audi	42	1038555.0
199	buick	23	395057.0
199	mitsubishi	23	306461.0
199	mazda	21	300482.0
199	pontiac	10	87050.0
199	mini	13	149862.0
202	gmc	23	665047.0
202	jeep	12	282230.0
202	mercedes-benz	23	195427.0
202	chevrolet	43	989712.0
202	ford	48	875139.0
202	bmw	15	156954.0
202	infiniti	18	490030.0
202	ram	17	364803.0
202	toyota	22	592908.0
202	nissan	11	160766.0
205	honda	19	179669.0
205	ram	23	542447.0
205	nissan	23	175517.0
205	chevrolet	34	565862.0
205	ford	59	1049184.0
205	toyota	28	418075.0
205	dodge	11	165661.0
205	jeep	25	459108.0
205	subaru	39	307153.0
205	volkswagen	15	133670.0
205	lexus	11	289714.0
205	gmc	16	300211.0
205	infiniti	10	191846.0
205	hyundai	14	127979.0
205	bmw	18	368429.0
205	mazda	12	161724.0
208	chevrolet	106	2384960.0
208	acura	19	345604.0
208	volkswagen	16	215967.0
208	ram	44	1214118.0
208	cadillac	29	844230.0
208	ford	223	4914820.0
208	buick	15	319762.0
208	nissan	61	873457.0
208	bmw	33	806950.0
208	infiniti	20	457132.0
208	dodge	25	238372.0
208	jeep	54	1104034.0
208	hyundai	19	236634.0
208	toyota	60	1147531.0
208	gmc	39	1078473.0
208	jaguar	17	547240.0
208	lexus	23	576500.0
208	kia	23	316890.0
208	honda	38	511258.0
208	chrysler	16	252850.0
208	mercedes-benz	37	671438.0
208	audi	18	518282.0
208	mazda	12	158557.0
211	volkswagen	14	245815.0
211	subaru	11	120080.0
211	ford	71	1234142.0
211	ram	21	637230.0
211	infiniti	10	243020.0
211	cadillac	11	294010.0
211	chevrolet	52	945650.0
211	bmw	16	309805.0
211	nissan	24	182737.0
211	hyundai	11	152910.0
211	gmc	16	446365.0
211	honda	12	160754.0
211	mercedes-benz	11	227134.0
211	toyota	24	360430.0
211	audi	11	368605.0
214	chevrolet	197	3909879.0
214	ford	240	5026396.0
214	chrysler	24	325024.0
214	toyota	69	1137858.0
214	gmc	57	1644834.0
214	nissan	52	652667.0
214	jeep	40	717010.0
214	infiniti	23	577770.0
214	mercedes-benz	51	567520.0
214	kia	47	586888.0
214	bmw	60	1061820.0
214	honda	44	513855.0
214	ram	69	1802421.0
214	hyundai	23	302473.0
214	acura	19	503526.0
214	dodge	55	589907.0
214	audi	23	716068.0
214	cadillac	29	621196.0
214	lexus	48	888623.0
214	subaru	20	294719.0
214	mini	10	102295.0
214	lincoln	26	554475.0
214	volkswagen	23	362553.0
214	jaguar	11	349890.0
214	buick	14	187718.0
214	mitsubishi	16	258180.0
217	chevrolet	102	2047979.0
217	dodge	48	1018125.0
217	toyota	92	1697678.0
217	gmc	21	560648.0
217	lexus	31	656007.0
217	chrysler	16	202787.0
217	ford	124	2586189.0
217	hyundai	32	382746.0
217	honda	18	225267.0
217	ram	35	807027.0
217	jeep	36	744433.0
217	nissan	44	645714.0
217	acura	27	764569.0
217	buick	11	259910.0
217	lincoln	10	276300.0
217	kia	24	401660.0
217	infiniti	15	418493.0
22	volvo	28	522879.0
22	jeep	118	2677806.0
22	pontiac	15	192344.0
22	mercedes-benz	155	4306649.0
22	subaru	24	524081.0
22	ford	414	9020271.0
22	chevrolet	250	6030086.0
22	bmw	157	3780460.0
22	kia	54	768432.0
22	toyota	270	5964385.0
22	volkswagen	81	1471979.0
22	tesla	15	567175.0
22	porsche	12	472850.0
22	cadillac	77	1700982.0
22	lexus	104	2316391.0
22	gmc	71	2168563.0
22	buick	26	419598.0
22	nissan	112	1747782.0
22	jaguar	25	469445.0
22	honda	107	1672424.0
22	dodge	97	2098976.0
22	audi	72	2206208.0
22	chrysler	55	746770.0
22	acura	49	1084647.0
22	hyundai	91	1445285.0
22	lincoln	48	1033238.0
22	mazda	44	737166.0
22	rover	18	542085.0
22	ram	65	1731254.0
22	infiniti	31	786620.0
22	saturn	11	93826.0
22	mini	15	279955.0
22	mitsubishi	16	180220.0
220	nissan	112	1075991.0
220	porsche	18	903352.0
220	ford	467	10555001.0
220	toyota	356	4900779.0
220	mercedes-benz	79	1777907.0
220	subaru	150	1731232.0
220	hyundai	76	980802.0
220	pontiac	11	133672.0
220	cadillac	28	844857.0
220	mini	23	211907.0
220	gmc	82	1877213.0
220	jeep	122	1650692.0
220	ram	128	2955301.0
220	volvo	39	510713.0
220	infiniti	31	563174.0
220	honda	183	1792615.0
220	lincoln	16	328456.0
220	kia	93	1029478.0
220	mitsubishi	14	197432.0
220	rover	33	936929.0
220	chevrolet	251	4190421.0
220	bmw	122	1854497.0
220	mazda	49	347902.0
220	dodge	71	742606.0
220	lexus	63	1169184.0
220	volkswagen	64	607455.0
220	acura	22	205087.0
220	audi	64	1688551.0
220	chrysler	34	292465.0
220	buick	23	385533.0
220	jaguar	10	188729.0
223	ram	233	3524954.0
223	ford	500	8213943.0
223	bmw	49	644808.0
223	toyota	360	3741580755.0
223	chevrolet	296	3950579.0
223	nissan	126	1110517.0
223	kia	78	530310.0
223	honda	152	1030217.0
223	mercedes-benz	30	459932.0
223	hyundai	69	665082.0
223	gmc	139	2439413.0
223	jeep	105	1323001.0
223	subaru	118	1647897.0
223	dodge	66	859363.0
223	mitsubishi	14	150447.0
223	buick	26	239500.0
223	mazda	51	453675.0
223	volkswagen	60	826577.0
223	audi	22	601265.0
223	acura	30	400437.0
223	cadillac	26	528014.0
223	lexus	36	595562.0
223	volvo	29	676846.0
223	pontiac	11	64129.0
223	mini	20	163368.0
223	infiniti	16	145395.0
223	rover	14	339482.0
223	chrysler	46	336892.0
226	ford	13	355400.0
226	gmc	10	187050.0
226	chevrolet	21	530470.0
226	acura	11	299800.0
226	toyota	19	415834.0
226	volvo	12	361080.0
229	toyota	162	2942584.0
229	porsche	12	325370.0
229	jeep	51	968854.0
229	mercedes-benz	35	794987.0
229	honda	55	653660.0
229	ram	89	1858234.0
229	ford	215	3695307.0
229	chevrolet	164	3192486.0
229	subaru	43	557922.0
229	mitsubishi	12	202124.0
229	bmw	65	1122547.0
229	chrysler	18	272036.0
229	audi	24	589153.0
229	lexus	34	706026.0
229	mazda	15	225087.0
229	volkswagen	33	414264.0
229	dodge	51	668547.0
229	lincoln	19	518359.0
229	cadillac	33	677585.0
229	acura	26	709659.0
229	gmc	50	946422.0
229	nissan	45	710734.0
229	buick	13	257339.0
229	hyundai	29	382776.0
229	jaguar	16	456774.0
229	kia	30	428321.0
232	subaru	24	423006.0
232	gmc	20	631361.0
232	toyota	34	774768.0
232	nissan	28	683616.0
232	jeep	22	514883.0
232	honda	16	272485.0
232	chevrolet	102	2813159.0
232	ram	18	517270.0
232	ford	65	1542178.0
232	buick	10	269986.0
232	dodge	17	293569.0
235	ford	46	939467.0
235	dodge	14	319095.0
235	chevrolet	53	1253361.0
235	gmc	13	395233.0
235	toyota	11	227835.0
235	jeep	11	238726.0
235	ram	11	302324.0
238	toyota	73	1919121.0
238	ram	22	587790.0
238	chevrolet	231	6439875.0
238	ford	95	2142296.0
238	nissan	22	237075.0
238	bmw	22	649465.0
238	buick	11	133755.0
238	cadillac	29	1003055.0
238	volkswagen	24	546828.0
238	jeep	32	770589.0
238	mercedes-benz	19	566557.0
238	lexus	28	601766.0
238	kia	26	503974.0
238	audi	19	581947.0
238	dodge	28	564405.0
238	jaguar	12	384395.0
238	subaru	27	412462.0
238	gmc	28	936132.0
238	lincoln	12	354894.0
238	honda	29	297780.0
241	ford	37	877903.0
241	toyota	16	260353.0
241	chevrolet	26	574570.0
241	ram	17	465136.0
244	chevrolet	74	1161408.0
244	chrysler	11	121851.0
244	jeep	32	555305.0
244	ram	10	240694.0
244	toyota	37	947139.0
244	dodge	21	302507.0
244	ford	85	1060453.0
244	gmc	12	177579.0
244	volkswagen	10	55780.0
244	nissan	11	121291.0
247	toyota	12	301777.0
247	ford	14	207885.0
25	nissan	15	235502.0
25	toyota	16	288196.0
25	hyundai	10	181715.0
25	ford	23	394721.0
25	lexus	17	493870.0
25	audi	12	531390.0
25	jeep	10	210705.0
25	bmw	12	269479.0
250	ford	321	6471017.0
250	chrysler	24	235827.0
250	chevrolet	196	991450557.0
250	dodge	42	434303.0
250	toyota	109	1697544.0
250	buick	36	212136.0
250	nissan	122	1957027.0
250	mercedes-benz	45	851139.0
250	honda	55	492157.0
250	gmc	71	1546431.0
250	infiniti	33	727099.0
250	hyundai	42	393405.0
250	ram	49	1016026.0
250	lexus	36	641337.0
250	lincoln	14	301625.0
250	acura	36	786779.0
250	kia	47	433887.0
250	mazda	14	188213.0
250	jeep	74	1472845.0
250	audi	12	258134.0
250	bmw	28	507927.0
250	volvo	10	86730.0
250	mitsubishi	15	326294.0
250	volkswagen	11	91590.0
250	cadillac	24	413966.0
253	chevrolet	57	1302025.0
253	toyota	41	842023.0
253	ford	54	1511729.0
253	volkswagen	14	176373.0
253	acura	15	435260.0
253	nissan	10	207150.0
253	dodge	14	399096.0
253	hyundai	10	173538.0
253	infiniti	13	350280.0
253	jeep	11	327698.0
253	bmw	15	360010.0
253	gmc	20	640618.0
253	lincoln	12	338390.0
253	audi	13	431270.0
256	chevrolet	94	1280247.0
256	mercedes-benz	21	318766.0
256	ford	97	1895021.0
256	jeep	38	566529.0
256	lexus	19	327909.0
256	nissan	32	319054.0
256	ram	17	418689.0
256	dodge	41	297349.0
256	toyota	68	987574.0
256	buick	12	171244.0
256	honda	47	709145.0
256	gmc	19	316812.0
256	bmw	13	237907.0
256	cadillac	13	194549.0
256	hyundai	14	190587.0
259	chevrolet	81	1956080.0
259	toyota	69	1169014.0
259	hyundai	41	558326.0
259	mercedes-benz	34	1496422.0
259	honda	42	439951.0
259	dodge	22	353381.0
259	bmw	19	622740.0
259	ford	64	1003525.0
259	volkswagen	10	176398.0
259	gmc	13	304428.0
259	nissan	44	496697.0
259	ram	17	321652.0
259	mazda	15	173612.0
259	jeep	21	552238.0
259	audi	10	343316.0
259	lexus	18	440754.0
259	acura	15	418302.0
259	infiniti	12	285802.0
259	kia	19	237297.0
262	nissan	82	650783.0
262	subaru	27	44640.0
262	chevrolet	376	8491274.0
262	ford	353	5666343.0
262	audi	24	807073.0
262	lexus	28	784285.0
262	hyundai	26	208358.0
262	bmw	22	652018.0
262	buick	20	494141.0
262	acura	20	587822.0
262	lincoln	22	360645.0
262	rover	10	329858.0
262	jeep	51	1470830.0
262	ram	113	3732661.0
262	gmc	141	2763032.0
262	volkswagen	16	239878.0
262	dodge	77	1303402.0
262	toyota	90	1635066.0
262	mazda	15	297233.0
262	mercedes-benz	37	926278.0
262	honda	55	486410.0
262	jaguar	13	403255.0
262	kia	27	361399.0
262	cadillac	31	711663.0
262	mini	10	0.0
262	chrysler	35	555055.0
262	mitsubishi	20	270127.0
265	mazda	37	681182.0
265	audi	36	1103991.0
265	jeep	182	4564088.0
265	nissan	117	2813305.0
265	dodge	154	3144361.0
265	ford	469	11923053.0
265	toyota	162	3957643.0
265	ram	171	5508148.0
265	kia	108	1908342.0
265	fiat	11	151869.0
265	honda	122	2221250.0
265	bmw	100	2616894.0
265	chevrolet	395	9067853.0
265	mini	35	719755.0
265	subaru	104	2146608.0
265	cadillac	25	542729.0
265	mercedes-benz	39	898212.0
265	hyundai	55	1012538.0
265	buick	21	408091.0
265	lexus	35	931281.0
265	chrysler	49	1057662.0
265	volkswagen	59	1069230.0
265	gmc	79	2274218.0
265	acura	15	528481.0
265	rover	25	898598.0
265	volvo	15	488677.0
265	lincoln	10	390340.0
265	porsche	11	625978.0
268	honda	132	1703796.0
268	cadillac	34	1051195.0
268	ford	152	3137815.0
268	lexus	50	1168790.0
268	acura	23	428055.0
268	bmw	92	1770262.0
268	toyota	138	2635891.0
268	gmc	52	1202594.0
268	mercedes-benz	43	599557.0
268	mitsubishi	10	127759.0
268	alfa-romeo	11	337860.0
268	jeep	57	881836.0
268	infiniti	15	354134.0
268	subaru	42	961568.0
268	chevrolet	133	2828392.0
268	volvo	33	1068623.0
268	hyundai	15	251580.0
268	mini	15	220922.0
268	ram	51	1395110.0
268	audi	26	655828.0
268	dodge	33	627930.0
268	nissan	70	896134.0
268	kia	23	280132.0
268	volkswagen	49	832635.0
268	chrysler	15	187434.0
268	rover	10	111459.0
268	mazda	20	347137.0
268	lincoln	21	685869.0
271	mercedes-benz	200	4641229.0
271	cadillac	21	252724.0
271	dodge	34	566995.0
271	nissan	165	722460.0
271	ford	287	5199045.0
271	bmw	129	2355926.0
271	jeep	35	556996.0
271	kia	51	482039.0
271	honda	53	576834.0
271	hyundai	86	927383.0
271	toyota	125	1311941.0
271	volkswagen	106	278196.0
271	audi	49	766409.0
271	mazda	28	312325.0
271	chevrolet	138	2953292.0
271	lexus	40	550064.0
271	mini	32	348583.0
271	porsche	19	401145.0
271	acura	17	209310.0
271	chrysler	23	135795.0
271	jaguar	12	150888.0
271	subaru	14	223800.0
271	ram	34	817616.0
271	rover	12	233275.0
271	buick	18	296935.0
271	lincoln	29	645412.0
271	mitsubishi	20	191964.0
271	gmc	23	438701.0
271	fiat	15	104309.0
271	volvo	10	74764.0
274	ford	18	463805.0
274	ram	10	243986.0
274	chevrolet	11	251542.0
277	kia	19	143293.0
277	mazda	15	100369.0
277	honda	40	447997.0
277	toyota	93	1117436.0
277	infiniti	12	314710.0
277	acura	16	443055.0
277	chevrolet	104	1077890.0
277	nissan	52	511239.0
277	ford	99	1671804.0
277	cadillac	13	324520.0
277	lexus	18	440756.0
277	ram	12	264345.0
277	jeep	28	413605.0
277	audi	32	695995.0
277	gmc	20	494209.0
277	hyundai	17	219323.0
277	mercedes-benz	15	436310.0
277	bmw	19	263720.0
277	volkswagen	18	182293.0
28	mazda	35	439605.0
28	bmw	44	725265.0
28	volkswagen	29	306319.0
28	hyundai	100	1086944.0
28	gmc	44	900215.0
28	honda	140	2094738.0
28	chevrolet	230	4006914.0
28	nissan	82	1098173.0
28	jeep	64	1089736.0
28	lexus	53	754288.0
28	ford	228	2850426.0
28	chrysler	36	362291.0
28	acura	55	806965.0
28	lincoln	22	402220.0
28	dodge	75	988881.0
28	mercury	23	119475.0
28	toyota	122	1988841.0
28	kia	44	568441.0
28	ram	64	1480366.0
28	mercedes-benz	31	697919.0
28	cadillac	28	415166.0
28	subaru	28	444761.0
28	infiniti	29	418033.0
28	mitsubishi	11	195327.0
28	audi	16	328782.0
280	nissan	128	1848831.0
280	porsche	10	261787.0
280	ram	134	3767362.0
280	honda	138	1757331.0
280	audi	61	1035174.0
280	jeep	150	2585651.0
280	ford	499	9749340.0
280	chevrolet	331	6492098.0
280	gmc	114	2470114.0
280	subaru	169	2016637.0
280	lincoln	17	147277.0
280	mercedes-benz	66	1376058.0
280	hyundai	73	1088617.0
280	volkswagen	57	912745.0
280	lexus	72	1134660.0
280	mitsubishi	13	148748.0
280	bmw	74	1334892.0
280	toyota	268	5312807.0
280	dodge	70	1023106.0
280	volvo	14	168867.0
280	cadillac	56	822263.0
280	pontiac	15	112763.0
280	rover	14	286266.0
280	kia	33	465659.0
280	acura	32	495623.0
280	infiniti	30	494018.0
280	buick	22	243931.0
280	mazda	23	321975.0
280	mini	22	376813.0
280	chrysler	18	206140.0
283	bmw	27	698545.0
283	chevrolet	43	613255.0
283	ford	38	553519.0
283	nissan	11	181331.0
286	ford	35	983001.0
286	chevrolet	27	760000.0
286	bmw	16	468150.0
286	jeep	14	293884.0
286	toyota	24	583319.0
286	volkswagen	14	266070.0
286	acura	12	368080.0
286	ram	16	375147.0
286	kia	10	117830.0
286	audi	13	511670.0
289	nissan	12	134965.0
289	ford	44	988157.0
289	chevrolet	39	544947.0
289	toyota	26	418923.0
289	jeep	22	1410451567.0
289	ram	13	326129.0
289	honda	18	106530.0
292	acura	17	425220.0
292	cadillac	11	301110.0
292	toyota	97	1477784.0
292	ram	43	1147805.0
292	dodge	34	480940.0
292	nissan	56	369105.0
292	infiniti	13	208250.0
292	chevrolet	72	1191682.0
292	jeep	41	998895.0
292	bmw	17	451435.0
292	audi	26	825012.0
292	ford	62	1205033.0
292	gmc	28	658817.0
292	hyundai	28	393524.0
292	mercedes-benz	13	411795.0
292	lexus	10	171705.0
292	honda	36	230785.0
292	chrysler	16	333900.0
292	volkswagen	10	174720.0
292	kia	17	238635.0
292	mitsubishi	11	125790.0
295	chevrolet	46	355815.0
295	toyota	17	275310.0
295	ford	43	478457.0
295	gmc	11	124250.0
298	volvo	15	462650.0
298	ford	89	2118347.0
298	gmc	20	485295.0
298	chevrolet	63	1282074.0
298	nissan	24	379135.0
298	ram	13	313411.0
298	toyota	28	580257.0
298	jeep	25	588240.0
298	hyundai	12	160880.0
298	kia	17	270695.0
301	chevrolet	33	694485.0
301	ford	40	784429.0
301	jeep	19	393320.0
301	bmw	11	251720.0
301	acura	21	690590.0
301	gmc	12	291925.0
301	toyota	15	368275.0
304	chevrolet	264	4663021.0
304	nissan	145	1721638.0
304	jeep	155	2598749.0
304	gmc	89	1826725.0
304	mercedes-benz	93	1407031.0
304	honda	209	2070309.0
304	infiniti	26	496722.0
304	chrysler	34	352459.0
304	hyundai	73	895684.0
304	subaru	103	1321132.0
304	mazda	64	800392.0
304	dodge	62	1079651.0
304	ford	380	6297198.0
304	toyota	305	4082931.0
304	lexus	61	1162755.0
304	audi	77	1472647.0
304	ram	58	1782922.0
304	cadillac	48	1000868.0
304	rover	28	518823.0
304	jaguar	22	455369.0
304	mini	21	297350.0
304	volkswagen	77	1082185.0
304	bmw	121	2030802.0
304	mitsubishi	21	275655.0
304	lincoln	32	431679.0
304	acura	45	604270.0
304	volvo	31	497807.0
304	kia	37	528771.0
304	mercury	12	86133.0
304	buick	20	291193.0
304	pontiac	12	67385.0
304	porsche	12	416230.0
307	ford	44	1096554.0
307	ram	15	472738.0
307	chevrolet	20	591458.0
307	toyota	14	331491.0
307	acura	13	434030.0
307	gmc	13	346930.0
31	lexus	29	550066.0
31	mercedes-benz	44	458294.0
31	chevrolet	76	1300658.0
31	buick	15	326112.0
31	ford	85	1614288.0
31	honda	17	202150.0
31	jeep	27	468371.0
31	nissan	31	435838.0
31	hyundai	11	174986.0
31	audi	13	327242.0
31	toyota	40	850489.0
31	ram	40	897019.0
31	gmc	22	436607.0
31	dodge	20	380605.0
31	bmw	29	316270.0
31	infiniti	12	289723.0
31	volvo	10	229538.0
31	acura	14	408905.0
310	chevrolet	505	10171769.0
310	ford	472	7427704.0
310	audi	60	1529364.0
310	honda	186	1845513.0
310	mini	10	189138.0
310	toyota	202	2947276.0
310	dodge	137	2198445.0
310	jeep	119	2120292.0
310	acura	31	505000.0
310	volkswagen	65	831605.0
310	ram	98	2708495.0
310	gmc	128	2944520.0
310	nissan	119	1328226.0
310	infiniti	15	285976.0
310	kia	62	669959.0
310	pontiac	53	350347.0
310	bmw	57	1304097.0
310	hyundai	67	683945.0
310	lexus	58	1190664.0
310	mercedes-benz	52	1166398.0
310	lincoln	26	394313.0
310	chrysler	51	369813.0
310	subaru	44	677824.0
310	buick	54	762683.0
310	saturn	13	62374.0
310	mitsubishi	26	383207.0
310	mazda	44	426868.0
310	mercury	20	87652.0
310	cadillac	45	952770.0
310	volvo	19	363034.0
310	rover	10	333430.0
310	jaguar	11	328923.0
313	mazda	33	349074.0
313	jeep	133	2598046.0
313	chrysler	53	517364.0
313	nissan	157	2120935.0
313	ram	100	2464588.0
313	ford	493	9576750.0
313	honda	110	1282085.0
313	buick	92	1502444.0
313	lincoln	29	407578.0
313	hyundai	61	672711.0
313	toyota	163	2759017.0
313	chevrolet	429	8938929.0
313	gmc	151	3531227.0
313	cadillac	87	1959740.0
313	mercedes-benz	30	573759.0
313	mercury	10	90639.0
313	bmw	57	1107815.0
313	infiniti	18	353070.0
313	dodge	85	1096711.0
313	subaru	86	1241453.0
313	pontiac	24	178429.0
313	volkswagen	38	412175.0
313	lexus	40	669791.0
313	acura	24	389154.0
313	kia	45	455893.0
313	jaguar	11	229134.0
313	saturn	11	82122.0
313	mitsubishi	13	210123.0
313	audi	12	236850.0
316	infiniti	32	695305.0
316	lincoln	44	787585.0
316	ford	375	7048479.0
316	chevrolet	270	4668885.0
316	gmc	68	1643168.0
316	nissan	64	791061.0
316	jeep	62	1008445.0
316	chrysler	35	444875.0
316	toyota	141	2175144.0
316	mitsubishi	27	442147.0
316	bmw	45	889121.0
316	kia	35	493856.0
316	honda	109	1168697.0
316	volvo	25	294620.0
316	mercedes-benz	43	560043.0
316	pontiac	11	109970.0
316	audi	54	995495.0
316	cadillac	40	831218.0
316	dodge	63	781690.0
316	volkswagen	27	390240.0
316	buick	34	466899.0
316	hyundai	47	498218.0
316	subaru	13	161038.0
316	lexus	29	579240.0
316	ram	68	2040512.0
316	acura	33	619665.0
316	mazda	17	169185.0
316	jaguar	11	235670.0
319	gmc	46	1097488.0
319	cadillac	13	238838.0
319	bmw	38	769158.0
319	jeep	53	1256413.0
319	ford	148	2914249.0
319	ram	69	1474277.0
319	toyota	136	2781063.0
319	hyundai	28	361196.0
319	chevrolet	198	3423899.0
319	mercedes-benz	32	477547.0
319	honda	49	562770.0
319	infiniti	15	349344.0
319	nissan	53	822472.0
319	chrysler	10	92877.0
319	dodge	34	375306.0
319	acura	15	302641.0
319	volkswagen	20	266295.0
319	kia	16	241213.0
319	audi	11	281914.0
319	lexus	21	439400.0
319	subaru	10	136458.0
322	subaru	148	1462399.0
322	chevrolet	348	5089032.0
322	jeep	186	2044550.0
322	buick	16	146527.0
322	toyota	324	3718063.0
322	ram	83	2214541.0
322	ford	482	9042376.0
322	kia	63	229708.0
322	volkswagen	83	959268.0
322	acura	13	61376.0
322	dodge	59	741887.0
322	hyundai	87	648844.0
322	mazda	48	262809.0
322	bmw	58	796976.0
322	nissan	126	1154176.0
322	lexus	20	261247.0
322	honda	148	1237833.0
322	audi	51	581050.0
322	mercedes-benz	43	480999.0
322	chrysler	18	135900.0
322	gmc	148	3144034.0
322	volvo	41	377062.0
322	cadillac	31	445579.0
322	mitsubishi	18	282519.0
322	rover	12	141982.0
325	chevrolet	26	639725.0
325	infiniti	11	291705.0
325	ram	13	371690.0
325	audi	10	355105.0
325	honda	12	145030.0
325	toyota	16	380055.0
325	ford	41	883375.0
325	bmw	18	499625.0
325	acura	12	405480.0
325	jeep	13	309320.0
325	dodge	10	185750.0
328	acura	13	431030.0
328	chevrolet	16	444225.0
328	toyota	10	285300.0
328	ford	17	473220.0
331	chevrolet	21	200495.0
331	ford	17	201044.0
334	toyota	12	299625.0
334	chevrolet	14	347165.0
334	ford	23	698185.0
337	chevrolet	63	1456875.0
337	nissan	15	187559.0
337	ford	103	2869624.0
337	mercedes-benz	10	311119.0
337	ram	38	1060941.0
337	toyota	33	705055.0
337	jeep	17	444227.0
337	lincoln	10	276312.0
337	acura	12	344390.0
337	honda	10	161963.0
337	volkswagen	11	191290.0
34	ford	158	2623853.0
34	mercedes-benz	37	432516.0
34	kia	25	177476.0
34	honda	27	258960.0
34	cadillac	10	257738.0
34	jeep	66	885014.0
34	nissan	45	449675.0
34	mazda	11	108955.0
34	lexus	33	403843.0
34	gmc	52	1282494.0
34	dodge	33	247638.0
34	toyota	56	989436.0
34	hyundai	27	211301.0
34	mitsubishi	17	160530.0
34	ram	52	969550.0
34	chevrolet	118	1978845.0
34	audi	26	617135.0
34	bmw	25	388339.0
34	volkswagen	22	230840.0
34	infiniti	16	408460.0
34	buick	19	130120.0
34	lincoln	21	313496.0
340	ford	254	4233523.0
340	bmw	16	412021.0
340	chevrolet	247	3740256.0
340	infiniti	15	445430.0
340	dodge	92	1122575.0
340	pontiac	18	106853.0
340	chrysler	51	592169.0
340	jaguar	10	285300.0
340	ram	33	608621.0
340	jeep	93	1806250.0
340	nissan	34	429122.0
340	buick	27	306146.0
340	lexus	25	748514.0
340	lincoln	17	417297.0
340	cadillac	24	376224.0
340	hyundai	18	272768.0
340	gmc	52	1126175.0
340	honda	33	315560.0
340	kia	17	171817.0
340	audi	10	280722.0
340	toyota	49	779781.0
340	mazda	10	132700.0
340	subaru	11	169379.0
340	acura	10	197540.0
343	ford	110	1670824.0
343	audi	10	268320.0
343	chrysler	14	96145.0
343	chevrolet	53	1004782.0
343	gmc	13	166730.0
343	ram	15	279620.0
343	buick	11	216715.0
343	honda	13	212035.0
343	dodge	16	216881.0
343	acura	12	433480.0
343	lincoln	10	200025.0
346	ford	337	6837521.0
346	chevrolet	340	7723156.0
346	jeep	96	1689234.0
346	chrysler	44	611930.0
346	audi	26	749107.0
346	gmc	90	2242730.0
346	cadillac	41	788504.0
346	toyota	98	1338124.0
346	ram	107	3357470.0
346	kia	44	589160.0
346	lincoln	24	636854.0
346	lexus	27	648617.0
346	hyundai	55	505777.0
346	acura	14	335348.0
346	nissan	72	745091.0
346	mazda	17	296318.0
346	bmw	21	583931.0
346	mitsubishi	11	222405.0
346	mercedes-benz	32	896297.0
346	infiniti	13	312566.0
346	dodge	50	884565.0
346	honda	52	503677.0
346	volkswagen	12	106176.0
346	buick	24	414024.0
349	ford	306	4406400.0
349	nissan	27	227139.0
349	chevrolet	243	2596259.0
349	lexus	10	227335.0
349	gmc	87	1103715.0
349	ram	49	931288.0
349	mazda	11	129640.0
349	pontiac	26	114464.0
349	honda	25	310290.0
349	jeep	69	1124364.0
349	mercedes-benz	14	333520.0
349	dodge	43	434434.0
349	chrysler	40	295901.0
349	kia	10	69674.0
349	buick	35	254260.0
349	volkswagen	18	232505.0
349	lincoln	22	344996.0
349	hyundai	10	99318.0
349	cadillac	33	692183.0
349	toyota	35	538201.0
349	acura	20	560264.0
349	saturn	17	71040.0
349	bmw	15	378895.0
352	dodge	16	258070.0
352	chevrolet	87	1255175.0
352	ford	125	2480162.0
352	cadillac	13	150055.0
352	toyota	22	446531.0
352	gmc	24	575177.0
352	jeep	28	508581.0
352	chrysler	20	251271.0
352	nissan	12	185988.0
352	lexus	24	690690.0
352	buick	16	184396.0
352	ram	20	363294.0
352	honda	14	230548.0
352	volkswagen	11	154307.0
355	chevrolet	11	159980.0
355	ford	10	162266.0
358	ford	10	248572.0
361	chrysler	12	136183.0
361	ford	109	1864473.0
361	chevrolet	66	1057146.0
361	honda	12	170508.0
361	gmc	18	318550.0
361	jeep	25	444940.0
361	dodge	20	213400.0
361	nissan	18	223920.0
361	ram	16	315250.0
361	buick	17	250090.0
361	toyota	17	257458.0
364	gmc	156	2876850.0
364	dodge	108	1582360.0
364	hyundai	62	696425.0
364	saturn	20	88665.0
364	jeep	146	2377159.0
364	honda	173	1936293.0
364	ford	543	8298378.0
364	porsche	11	222840.0
364	audi	30	585524.0
364	volkswagen	75	1040432.0
364	nissan	104	1161466.0
364	chrysler	55	494792.0
364	chevrolet	454	7672664.0
364	ram	98	1951405.0
364	mercedes-benz	50	959759.0
364	subaru	80	961914.0
364	toyota	205	2614947.0
364	cadillac	33	526759.0
364	infiniti	21	401374.0
364	mercury	17	67599.0
364	bmw	80	1463615.0
364	volvo	20	177097.0
364	acura	32	561391.0
364	jaguar	10	143930.0
364	buick	63	672506.0
364	lexus	42	724256.0
364	kia	51	551643.0
364	mazda	33	447765.0
364	pontiac	24	190825.0
364	lincoln	31	308575.0
364	mini	12	218665.0
367	chevrolet	14	230095.0
367	ford	22	439140.0
37	buick	12	355485.0
37	bmw	10	233949.0
37	chevrolet	42	892580.0
37	ford	47	1085660.0
37	toyota	25	400905.0
37	gmc	10	177195.0
37	ram	12	368425.0
37	honda	18	215725.0
37	jeep	14	341465.0
37	nissan	10	152915.0
37	subaru	17	181977.0
370	jeep	24	714254.0
370	gmc	31	1208879.0
370	toyota	22	509230.0
370	chevrolet	77	2940593.0
370	ford	42	1231351.0
370	ram	18	760811.0
370	subaru	14	270554.0
370	bmw	15	318270.0
370	honda	12	146497.0
373	toyota	13	124335.0
373	ford	17	245468.0
373	chevrolet	27	467263.0
376	ram	19	468550.0
376	cadillac	10	228910.0
376	gmc	18	648245.0
376	chevrolet	56	1159080.0
376	ford	45	884194.0
376	bmw	13	294485.0
376	toyota	21	470955.0
376	lincoln	18	401240.0
376	jeep	18	386060.0
379	ram	24	888121.0
379	toyota	13	438558.0
379	jeep	14	361959.0
379	ford	29	816443.0
379	chevrolet	22	684048.0
379	gmc	11	545392.0
382	ford	232	5859616.0
382	gmc	73	1493269.0
382	toyota	135	2985587.0
382	jeep	130	3128488.0
382	ram	107	3262117.0
382	audi	18	371823.0
382	honda	38	514876.0
382	dodge	25	590907.0
382	chevrolet	169	3385400.0
382	kia	12	202304.0
382	nissan	20	296236.0
382	chrysler	12	321234.0
382	bmw	10	269039.0
382	acura	12	140898.0
382	mazda	11	113090.0
382	cadillac	20	545461.0
382	mercedes-benz	12	162358.0
382	lexus	21	462710.0
382	subaru	70	1042965.0
382	volvo	10	221965.0
382	volkswagen	18	250655.0
382	hyundai	16	263313.0
385	chevrolet	70	1264689.0
385	nissan	31	404555.0
385	gmc	33	704814.0
385	ram	15	396036.0
385	ford	74	1366846.0
385	jeep	22	566906.0
385	kia	10	153697.0
385	toyota	41	628673.0
385	acura	16	478022.0
385	dodge	16	200612.0
385	cadillac	10	200750.0
385	honda	18	224794.0
385	buick	11	174726.0
388	ford	90	1404533.0
388	honda	19	206120.0
388	ram	19	411434.0
388	lexus	22	678552.0
388	pontiac	10	80874.0
388	chevrolet	91	1597829.0
388	dodge	13	206314.0
388	audi	10	215371.0
388	chrysler	16	218741.0
388	buick	12	176193.0
388	jeep	35	595458.0
388	toyota	19	419716.0
388	cadillac	12	257181.0
388	gmc	24	524367.0
391	ram	347	8067381.0
391	jeep	177	2960741.0
391	toyota	293	5897523.0
391	chevrolet	306	5513474.0
391	ford	622	12853541.0
391	volkswagen	35	620433.0
391	infiniti	10	167141.0
391	acura	13	225339.0
391	volvo	30	257968.0
391	hyundai	99	1612781.0
391	nissan	77	774502.0
391	subaru	110	1743032.0
391	bmw	58	912510.0
391	gmc	147	2300596.0
391	rover	20	340982.0
391	audi	51	1420155.0
391	mercedes-benz	36	773608.0
391	dodge	57	777333.0
391	buick	18	265528.0
391	lexus	38	718349.0
391	honda	81	738348.0
391	cadillac	19	356291.0
391	kia	36	292940.0
391	mazda	17	163059.0
391	porsche	12	449669.0
391	chrysler	15	155534.0
391	mitsubishi	16	133027.0
394	acura	11	318600.0
394	chevrolet	15	428630.0
394	jeep	11	346290.0
394	ford	19	591290.0
397	mitsubishi	14	197030.0
397	nissan	49	606423.0
397	ford	184	3304019.0
397	honda	53	716584.0
397	chevrolet	237	3884693.0
397	audi	21	632825.0
397	chrysler	17	157621.0
397	mazda	15	224420.0
397	buick	20	308195.0
397	toyota	91	1531365.0
397	gmc	77	1755820.0
397	subaru	60	614498.0
397	lincoln	23	623840.0
397	bmw	31	906955.0
397	kia	26	306209.0
397	jeep	69	1262576.0
397	mercedes-benz	16	439090.0
397	hyundai	25	297892.0
397	dodge	49	811521.0
397	volkswagen	27	323640.0
397	acura	18	484460.0
397	lexus	20	464175.0
397	ram	52	1389243.0
397	cadillac	26	604390.0
397	infiniti	17	454665.0
4	chevrolet	32	1045975.0
4	ford	36	891265.0
4	toyota	12	326630.0
4	bmw	10	334810.0
40	chevrolet	268	3472596.0
40	mitsubishi	38	398671.0
40	ford	399	5740822.0
40	honda	191	1825024.0
40	volkswagen	98	1470150.0
40	mazda	71	772148.0
40	mercedes-benz	67	3026250736.0
40	dodge	115	1330181.0
40	nissan	211	2027834.0
40	bmw	103	1951406.0
40	jeep	147	1962618.0
40	subaru	84	1106687.0
40	hyundai	115	1042175.0
40	pontiac	17	132882.0
40	lincoln	24	296386.0
40	infiniti	45	980625.0
40	toyota	175	2392509.0
40	kia	68	726773.0
40	chrysler	62	489090.0
40	cadillac	49	582964.0
40	buick	26	236138.0
40	volvo	37	665877.0
40	gmc	68	1238627.0
40	lexus	50	915180.0
40	ram	55	1336532.0
40	audi	63	1413292.0
40	acura	53	672834.0
40	mercury	17	62674.0
40	rover	20	528115.0
40	mini	18	240717.0
400	ford	43	879109.0
400	chevrolet	30	779361.0
400	ram	14	425764.0
400	bmw	15	455850.0
403	infiniti	38	780444.0
403	acura	44	813089.0
403	gmc	109	1774857.0
403	audi	56	1169461.0
403	chevrolet	392	4769822.0
403	kia	74	539183.0
403	ford	500	7846517.0
403	nissan	113	1077899.0
403	toyota	151	1942271.0
403	cadillac	68	1172078.0
403	ram	74	1841816.0
403	bmw	65	1396668.0
403	honda	163	1438179.0
403	dodge	116	1322918.0
403	pontiac	25	169215.0
403	lexus	45	762185.0
403	mini	14	248945.0
403	jeep	175	1557771.0
403	hyundai	86	782225.0
403	buick	47	386805.0
403	chrysler	60	384964.0
403	mazda	38	334556.0
403	mitsubishi	26	269997.0
403	volkswagen	85	908208.0
403	subaru	43	550789.0
403	volvo	29	354878.0
403	mercury	14	91051.0
403	lincoln	37	799568.0
403	mercedes-benz	61	1115359.0
403	saturn	17	41794.0
403	jaguar	11	260169.0
406	bmw	47	1068725.0
406	jeep	85	1163301.0
406	ford	338	5780296.0
406	hyundai	34	390487.0
406	volkswagen	48	792527.0
406	nissan	62	742099.0
406	acura	23	565360.0
406	chevrolet	308	4721083.0
406	ram	67	1602740.0
406	dodge	75	896133.0
406	mazda	28	199634.0
406	cadillac	32	656667.0
406	mercedes-benz	54	1192331.0
406	gmc	61	1326826.0
406	chrysler	40	356159.0
406	toyota	84	1656634.0
406	honda	122	1519356.0
406	mitsubishi	14	180982.0
406	buick	32	395872.0
406	lexus	18	449866.0
406	pontiac	18	110305.0
406	kia	28	278754.0
406	infiniti	15	387268.0
406	audi	22	768771.0
406	lincoln	17	504709.0
406	subaru	16	188069.0
409	chevrolet	83	1264530.0
409	ford	112	2122451.0
409	toyota	13	219037.0
409	chrysler	16	182097.0
409	dodge	24	369925.0
409	lincoln	10	193355.0
409	buick	22	544141.0
409	jeep	28	442319.0
409	ram	15	227533.0
409	gmc	17	306179.0
409	acura	10	346900.0
409	bmw	10	265220.0
409	volkswagen	10	157598.0
409	honda	13	110088.0
412	gmc	122	2694603.0
412	ford	404	7280212.0
412	toyota	332	5264225.0
412	subaru	121	1234419.0
412	dodge	55	955548.0
412	mitsubishi	20	164949.0
412	audi	52	916636.0
412	ram	100	2576240.0
412	bmw	77	1240545.0
412	chevrolet	356	7228895.0
412	cadillac	42	743309.0
412	jeep	208	3082220.0
412	lexus	41	879437.0
412	volvo	38	429427.0
412	honda	138	1446841.0
412	nissan	130	1518090.0
412	kia	61	451495.0
412	acura	27	274652.0
412	mercedes-benz	58	806553.0
412	volkswagen	84	868982.0
412	lincoln	21	225341.0
412	chrysler	20	199145.0
412	mazda	34	361357.0
412	pontiac	11	92130.0
412	buick	20	306492.0
412	hyundai	80	747079.0
412	mini	26	310449.0
412	jaguar	12	163848.0
412	saturn	10	49740.0
412	infiniti	14	182096.0
415	chevrolet	12	389990.0
415	lexus	10	288900.0
415	jeep	19	226240.0
415	buick	13	432280.0
415	ford	15	398568.0
418	jeep	25	403830.0
418	toyota	35	538346.0
418	chevrolet	131	26218289.0
418	gmc	25	429160.0
418	buick	24	287439.0
418	cadillac	14	291175.0
418	ram	25	782183.0
418	ford	103	1321938.0
418	lexus	10	177390.0
418	dodge	22	326337.0
418	volkswagen	10	122854.0
418	mercedes-benz	13	356664.0
418	audi	10	326460.0
418	honda	27	318633.0
418	hyundai	15	168734.0
418	kia	15	187776.0
418	volvo	10	192390.0
418	bmw	18	364109.0
418	chrysler	10	54124.0
418	nissan	18	207889.0
418	subaru	10	96315.0
421	jeep	14	319830.0
421	ford	36	574685.0
421	gmc	26	1990104.0
421	chevrolet	55	936702.0
421	nissan	10	222760.0
421	toyota	16	309850.0
421	ram	22	440411.0
424	ford	463	7067635.0
424	hyundai	103	741685.0
424	dodge	113	1310918.0
424	mercury	13	89472.0
424	chrysler	65	522484.0
424	toyota	212	2499555.0
424	kia	84	578851.0
424	chevrolet	492	7577656.0
424	buick	54	360857.0
424	honda	196	2166678.0
424	audi	54	1485920.0
424	mini	18	217003.0
424	mitsubishi	36	163229.0
424	pontiac	32	190451.0
424	jeep	101	1498767.0
424	mazda	50	369845.0
424	lexus	33	639314.0
424	volvo	21	256469.0
424	bmw	71	1602418.0
424	infiniti	23	494186.0
424	volkswagen	88	1274617.0
424	ram	86	1980494.0
424	jaguar	12	286874.0
424	cadillac	47	810204.0
424	gmc	90	1733177.0
424	lincoln	11	226805.0
424	nissan	131	1072983.0
424	mercedes-benz	51	977409.0
424	subaru	28	462287.0
424	rover	10	171444.0
424	acura	48	765710.0
424	saturn	17	65364.0
424	porsche	12	225974.0
43	toyota	253	2124071.0
43	ford	431	4620821.0
43	jeep	206	2268676.0
43	nissan	203	1595718.0
43	lexus	49	868283.0
43	bmw	138	1913493.0
43	honda	197	1395575.0
43	subaru	65	692620.0
43	chevrolet	234	3464504.0
43	ram	88	1821105.0
43	mercedes-benz	127	1652098.0
43	infiniti	48	434876.0
43	chrysler	34	322898.0
43	lincoln	31	192954.0
43	mazda	33	302182.0
43	pontiac	15	152930.0
43	volkswagen	75	750418.0
43	hyundai	82	442908.0
43	audi	66	1558047.0
43	cadillac	57	770286.0
43	gmc	72	1202570.0
43	rover	14	363484.0
43	buick	14	227558.0
43	mini	26	323015.0
43	acura	51	492341.0
43	jaguar	10	163874.0
43	kia	31	249184.0
43	dodge	87	1089094.0
43	volvo	24	287655.0
43	mitsubishi	18	219523.0
43	mercury	10	36071.0
46	chevrolet	18	205160.0
46	toyota	10	129064.0
46	ford	13	222088.0
46	gmc	11	193116.0
49	toyota	17	592300.0
49	ford	17	478249.0
49	dodge	11	215854.0
52	toyota	75	1493258.0
52	ram	41	1056009.0
52	bmw	40	566899.0
52	gmc	67	1963055.0
52	ford	162	3527424.0
52	chevrolet	169	4032543.0
52	honda	37	405660.0
52	mazda	29	311589.0
52	jeep	46	756519.0
52	hyundai	21	208647.0
52	lincoln	16	420863.0
52	nissan	41	464484.0
52	dodge	35	457072.0
52	infiniti	12	259724.0
52	buick	13	207055.0
52	lexus	21	365376.0
52	volkswagen	18	198995.0
52	mercedes-benz	41	504806.0
52	kia	18	203677.0
52	audi	11	254625.0
55	mercedes-benz	33	864729.0
55	lexus	21	451587.0
55	bmw	47	955284.0
55	gmc	27	503314.0
55	mazda	16	198231.0
55	audi	25	569717.0
55	dodge	17	336488.0
55	hyundai	30	248498.0
55	jeep	50	778728.0
55	chevrolet	74	1278134.0
55	ford	87	1580312.0
55	volkswagen	24	340838.0
55	honda	67	645597.0
55	nissan	35	560383.0
55	chrysler	11	124004.0
55	lincoln	11	258640.0
55	toyota	53	762998.0
55	infiniti	17	336979.0
55	subaru	25	445725.0
55	ram	22	689403.0
55	acura	20	365233.0
55	buick	11	235215.0
55	cadillac	17	351654.0
58	chevrolet	44	697383.0
58	jeep	11	48848.0
58	subaru	35	703283.0
58	nissan	10	58971.0
58	ford	63	1651224.0
61	ford	10	153533.0
61	chevrolet	30	727820.0
64	ford	13	144615.0
64	chevrolet	23	439412.0
67	tesla	11	509932.0
67	ram	31	640478.0
67	lexus	17	255820.0
67	honda	142	1079979.0
67	nissan	97	1085270.0
67	ford	184	3670472.0
67	dodge	46	1051520.0
67	audi	38	1301432.0
67	chevrolet	177	3563751.0
67	mazda	22	244439.0
67	toyota	113	1365502.0
67	jeep	77	1426352.0
67	subaru	96	794129.0
67	kia	41	419118.0
67	lincoln	21	537434.0
67	bmw	58	1214993.0
67	cadillac	32	481675.0
67	jaguar	12	311910.0
67	gmc	55	1249972.0
67	hyundai	57	482167.0
67	mitsubishi	17	134478.0
67	volkswagen	53	606604.0
67	acura	34	632715.0
67	chrysler	24	308313.0
67	buick	13	269928.0
67	infiniti	18	443375.0
67	volvo	15	188894.0
67	mercedes-benz	46	738974.0
7	honda	136	1300992.0
7	dodge	71	608420.0
7	jeep	59	725462.0
7	mercedes-benz	59	1053378.0
7	chrysler	15	176005.0
7	toyota	116	1356207.0
7	volkswagen	60	783750.0
7	hyundai	53	631464.0
7	subaru	97	824684.0
7	lexus	38	686230.0
7	chevrolet	156	2128199.0
7	mitsubishi	16	230579.0
7	ford	177	2146305.0
7	rover	14	258695.0
7	nissan	78	778595.0
7	cadillac	26	402148.0
7	bmw	55	792689.0
7	infiniti	21	449850.0
7	mazda	18	234580.0
7	acura	15	300989.0
7	mini	13	228820.0
7	audi	49	1172773.0
7	volvo	25	386201.0
7	lincoln	13	185520.0
7	gmc	42	662564.0
7	kia	36	285497.0
7	ram	24	553884.0
7	buick	21	309794.0
7	fiat	14	197305.0
70	chevrolet	81	1816061.0
70	mercedes-benz	20	583903.0
70	ford	96	1985633.0
70	gmc	20	602755.0
70	volkswagen	17	310931.0
70	bmw	28	595390.0
70	toyota	98	2448500.0
70	honda	25	437688.0
70	lexus	21	762626.0
70	subaru	28	313865.0
70	kia	16	173722.0
70	ram	37	937516.0
70	nissan	23	456786.0
70	dodge	30	720030.0
70	jaguar	11	263230.0
70	acura	24	640315.0
70	jeep	30	861623.0
70	hyundai	12	180273.0
70	mitsubishi	11	219060.0
70	cadillac	17	395894.0
70	audi	15	311228.0
70	chrysler	15	343420.0
73	toyota	36	790733.0
73	ford	123	4237909.0
73	chevrolet	56	2318420.0
73	honda	11	225904.0
73	ram	39	1561844.0
73	subaru	13	199470.0
73	nissan	18	435863.0
73	dodge	20	377554.0
73	gmc	24	903586.0
73	mitsubishi	12	264834.0
73	jeep	20	529339.0
76	ford	24	521363.0
76	chevrolet	11	206234.0
79	ford	26	516795.0
79	nissan	12	196820.0
79	chevrolet	12	265568.0
82	buick	16	224920.0
82	chevrolet	63	1183098.0
82	mercedes-benz	23	179677.0
82	ford	80	1502259.0
82	nissan	13	72688.0
82	kia	12	105668.0
82	bmw	18	148452.0
82	ram	33	1065106.0
82	toyota	28	446573.0
82	honda	12	119585.0
82	gmc	21	608213.0
88	gmc	24	881540.0
88	chevrolet	63	1715971.0
88	toyota	17	511088.0
88	jeep	12	146300.0
88	mercedes-benz	24	99637.0
88	ford	44	990344.0
88	bmw	22	216728.0
88	ram	10	127600.0
91	lincoln	33	329362.0
91	honda	247	1706660.0
91	volkswagen	84	720639.0
91	dodge	87	721404.0
91	ford	485	5800310.0
91	nissan	143	1143117.0
91	toyota	287	2519619.0
91	chevrolet	357	4038819.0
91	bmw	107	1326809.0
91	kia	56	449158.0
91	jeep	137	1230004.0
91	gmc	93	1354887.0
91	hyundai	79	511435.0
91	audi	51	829489.0
91	ram	106	1366491.0
91	acura	42	685386.0
91	cadillac	64	641425.0
91	pontiac	37	250671.0
91	volvo	14	181030.0
91	infiniti	16	321510.0
91	mini	10	122168.0
91	subaru	39	404991.0
91	mercedes-benz	83	1076070.0
91	mazda	30	200510.0
91	mercury	25	116995.0
91	lexus	55	877111.0
91	mitsubishi	20	286860.0
91	rover	14	162290.0
91	chrysler	37	322681.0
91	buick	19	212200.0
94	gmc	44	1259705.0
94	honda	15	276267.0
94	chevrolet	143	4218645.0
94	ford	85	2127927.0
94	dodge	14	315420.0
94	hyundai	18	338375.0
94	cadillac	11	271412.0
94	buick	15	303444.0
94	ram	31	825303.0
94	jeep	21	640785.0
94	nissan	26	561502.0
94	toyota	30	814606.0
94	bmw	23	565510.0
94	kia	16	285144.0
94	acura	11	322890.0
97	ford	44	1150211.0
97	chevrolet	50	4711592.0
97	lexus	12	362278.0
97	jeep	15	392898.0
97	toyota	31	668860.0
97	mercedes-benz	14	551858.0
97	ram	23	671626.0
97	gmc	14	502996.0
97	bmw	11	350400.0
