101	toyota	232	4000602.0
101	ford	526	10420813.0
101	cadillac	53	871768.0
101	dodge	92	1527213.0
101	chevrolet	344	6888095.0
101	lexus	133	2523318.0
101	buick	38	441162.0
101	gmc	100	2015632.0
101	chrysler	30	349649.0
101	jeep	123	1981793.0
101	audi	48	1195107.0
101	nissan	207	2945182.0
101	infiniti	48	817319.0
101	acura	37	466772.0
101	volkswagen	77	1099493.0
101	honda	148	1862483.0
101	subaru	47	609616.0
101	bmw	82	1686845.0
101	volvo	17	280425.0
101	ram	106	2489761.0
101	mazda	26	413765.0
101	mercedes-benz	93	2825737.0
101	hyundai	76	856803.0
101	rover	24	812588.0
101	jaguar	11	280916.0
101	kia	62	695955.0
101	mini	19	343808.0
101	lincoln	13	188718.0
104	ram	29	936337.0
104	ford	51	1613072.0
104	jeep	11	336879.0
104	acura	13	289288.0
104	chevrolet	39	1032995.0
104	toyota	16	345207.0
107	volkswagen	64	951113.0
107	subaru	34	584281.0
107	hyundai	84	883184.0
107	dodge	104	1595428.0
107	bmw	93	1487631.0
107	honda	155	1974549.0
107	lexus	69	1228855.0
107	ford	490	9382504.0
107	nissan	154	1683484.0
107	mazda	35	401373.0
107	rover	14	402396.0
107	jeep	110	2191190.0
107	volvo	21	500118.0
107	chevrolet	350	6736727.0
107	toyota	221	3678440.0
107	gmc	83	1756232.0
107	ram	126	3395632.0
107	chrysler	44	420930.0
107	porsche	12	406040.0
107	mercedes-benz	74	1493492.0
107	kia	63	450196.0
107	acura	37	668174.0
107	audi	46	1094851.0
107	mitsubishi	22	195560.0
107	mini	17	270170.0
107	cadillac	46	857358.0
107	jaguar	10	191897.0
107	lincoln	21	355743.0
107	buick	34	404302.0
107	infiniti	31	453533.0
11	ford	81	1206784.0
11	subaru	61	493390.0
11	bmw	28	620814.0
11	volkswagen	12	123360.0
11	chevrolet	54	850460.0
11	honda	37	238149.0
11	mercedes-benz	22	504130.0
11	volvo	13	202220.0
11	hyundai	13	113890.0
11	jeep	18	292394.0
11	toyota	35	337641.0
11	nissan	14	109373.0
11	audi	10	134630.0
11	gmc	12	109739.0
110	chevrolet	153	3145932.0
110	ford	182	3524244.0
110	hyundai	26	239741.0
110	gmc	45	1512201.0
110	toyota	71	1281845.0
110	jeep	47	795532.0
110	nissan	58	617323.0
110	volvo	10	100163.0
110	honda	66	626818.0
110	bmw	40	497674.0
110	mercedes-benz	51	709703.0
110	buick	12	137794.0
110	dodge	43	478998.0
110	ram	45	1390846.0
110	cadillac	31	555867.0
110	lincoln	13	359384.0
110	acura	19	320380.0
110	infiniti	11	244191.0
110	kia	20	197915.0
110	audi	23	669123.0
110	lexus	26	502306.0
110	subaru	21	160212.0
110	volkswagen	19	157045.0
110	mazda	16	176594.0
110	chrysler	12	74445.0
113	hyundai	58	420375.0
113	ford	403	5916061.0
113	chevrolet	234	3544792.0
113	toyota	231	1984210.0
113	gmc	42	652209.0
113	bmw	86	650599.0
113	lexus	41	353235.0
113	honda	168	1335448.0
113	mitsubishi	19	232279.0
113	subaru	39	339082.0
113	jeep	75	990719.0
113	dodge	65	977170.0
113	ram	81	1326112.0
113	volkswagen	21	107800.0
113	nissan	116	609239.0
113	mercedes-benz	72	847952.0
113	cadillac	22	209908.0
113	mazda	16	120974.0
113	acura	45	686571.0
113	lincoln	18	254912.0
113	chrysler	19	133370.0
113	infiniti	17	257668.0
113	audi	29	553632.0
113	kia	28	187115.0
113	mini	10	60994.0
113	buick	15	286503.0
116	ford	17	332870.0
119	ram	97	3192594.0
119	ford	205	4825558.0
119	toyota	66	1362692.0
119	infiniti	16	515521.0
119	subaru	25	524535.0
119	jeep	68	1434179.0
119	hyundai	18	190312.0
119	chevrolet	140	3139243.0
119	gmc	50	1591121.0
119	mercedes-benz	43	431905.0
119	acura	15	408812.0
119	volkswagen	10	158151.0
119	bmw	43	635079.0
119	buick	15	245655.0
119	nissan	44	616562.0
119	lincoln	14	383519.0
119	honda	59	720771.0
119	dodge	27	356065.0
119	mitsubishi	11	180780.0
119	cadillac	11	374268.0
119	audi	18	488845.0
119	lexus	21	360164.0
119	kia	15	151804.0
122	ford	222	6536583.0
122	nissan	36	602721.0
122	ram	114	3311345.0
122	toyota	75	1762699.0
122	lexus	11	150360.0
122	chevrolet	126	3385331.0
122	jeep	63	1650385.0
122	gmc	75	3108050.0
122	dodge	35	512717.0
122	audi	17	169676.0
122	chrysler	16	189249.0
122	hyundai	15	144058.0
122	subaru	15	125337.0
122	mitsubishi	20	151520.0
122	cadillac	13	340078.0
122	bmw	11	226367.0
122	honda	15	171835.0
125	ford	220	4434857.0
125	audi	24	623727.0
125	chevrolet	200	3577793.0
125	honda	57	722307.0
125	volkswagen	27	453515.0
125	infiniti	17	414609.0
125	ram	50	1528202.0
125	cadillac	27	623616.0
125	toyota	85	1372322.0
125	gmc	58	1318452.0
125	dodge	41	613722.0
125	acura	14	374532.0
125	mercedes-benz	28	607979.0
125	jeep	49	1097553.0
125	nissan	58	945291.0
125	bmw	61	1515001.0
125	kia	24	336616.0
125	subaru	14	206829.0
125	buick	30	466411.0
125	hyundai	25	261891.0
125	lexus	23	566370.0
125	lincoln	21	641996.0
125	chrysler	16	119000.0
125	volvo	12	351980.0
131	gmc	11	393230.0
131	ford	25	474623.0
131	chevrolet	18	366518.0
131	ram	14	190762.0
131	toyota	13	246022.0
137	chevrolet	56	972940.0
137	ford	42	815395.0
137	bmw	18	544230.0
137	nissan	13	157315.0
137	dodge	18	212335.0
137	ram	19	538424.0
137	hyundai	11	125155.0
137	jeep	11	258574.0
137	toyota	11	215585.0
137	honda	14	193015.0
14	ford	210	4423003.0
14	toyota	123	2058725.0
14	chevrolet	151	2898069.0
14	jeep	98	1812165.0
14	pontiac	16	68919.0
14	dodge	39	603659.0
14	lincoln	10	155993.0
14	nissan	55	552418.0
14	volkswagen	21	224782.0
14	chrysler	15	197184.0
14	audi	30	147862.0
14	mercedes-benz	12	73394.0
14	subaru	36	441014.0
14	honda	34	317910.0
14	hyundai	30	274750.0
14	ram	70	2076258.0
14	gmc	45	1286669.0
14	lexus	15	255501.0
14	buick	14	147031.0
14	bmw	16	312586.0
140	honda	40	579824.0
140	subaru	30	403942.0
140	chevrolet	177	4575143.0
140	ram	109	3686526.0
140	ford	249	8204807.0
140	gmc	91	3826627.0
140	mercedes-benz	11	157198.0
140	toyota	103	2426695.0
140	chrysler	10	111295.0
140	mitsubishi	29	220613.0
140	hyundai	24	294215.0
140	nissan	50	965285.0
140	jeep	110	2982000.0
140	dodge	49	972820.0
140	cadillac	13	324750.0
140	volkswagen	15	184325.0
140	audi	15	354308.0
140	lexus	14	330020.0
140	kia	23	227261.0
140	mazda	16	214639.0
140	buick	12	256388.0
143	nissan	25	592467.0
143	toyota	117	3372202.0
143	jeep	99	3364049.0
143	chevrolet	53	1871307.0
143	gmc	32	1421698.0
143	ford	91	3641427.0
143	ram	119	5324845.0
143	subaru	18	430980.0
143	lexus	14	390976.0
143	honda	14	255491.0
143	dodge	25	663929.0
143	bmw	11	266882.0
146	chevrolet	306	6597422.0
146	ford	457	10050634.0
146	honda	197	1840001.0
146	mercedes-benz	78	1651508.0
146	volkswagen	91	977527.0
146	chrysler	38	304073.0
146	dodge	86	1395484.0
146	toyota	312	4125212.0
146	bmw	95	1499013.0
146	gmc	114	2721712.0
146	ram	132	3878036.0
146	lexus	45	637536.0
146	subaru	134	1601915.0
146	nissan	93	1022238.0
146	jeep	156	3287957.0
146	buick	20	166153.0
146	mini	26	324583.0
146	rover	35	1655683.0
146	mitsubishi	19	200267.0
146	mazda	55	463410.0
146	infiniti	23	242052.0
146	audi	64	1635403.0
146	hyundai	58	511338.0
146	porsche	25	1107625.0
146	volvo	22	233828.0
146	cadillac	31	909603.0
146	kia	66	565402.0
146	acura	37	491882.0
146	pontiac	10	90559.0
146	lincoln	17	138097.0
149	hyundai	27	381925.0
149	bmw	125	2123456.0
149	chevrolet	39	571630.0
149	nissan	14	128134.0
149	toyota	46	780697.0
149	mazda	12	112501.0
149	gmc	13	259099.0
149	honda	36	439568.0
149	rover	16	528577.0
149	dodge	21	534976.0
149	ford	83	1337791.0
149	jeep	38	1218730.0
149	mercedes-benz	17	433128.0
149	subaru	27	365587.0
149	volkswagen	20	114640.0
149	audi	26	428463.0
149	ram	50	1859930.0
152	chevrolet	12	116190.0
152	ford	14	42699.0
155	chevrolet	35	682905.0
155	kia	12	146068.0
155	toyota	27	336377.0
155	gmc	15	356650.0
155	nissan	13	127712.0
155	dodge	17	296180.0
155	bmw	10	107718.0
155	cadillac	15	435979.0
155	volkswagen	14	205843.0
155	ford	47	831985.0
155	lexus	10	185511.0
158	toyota	11	255518.0
158	ford	23	475867.0
158	chevrolet	25	630170.0
158	bmw	15	455850.0
161	gmc	62	1534996.0
161	buick	33	506162.0
161	chevrolet	272	992870696.0
161	toyota	269	3895064.0
161	hyundai	78	1005037.0
161	mazda	41	547147.0
161	nissan	172	2090035.0
161	ram	76	1966529.0
161	bmw	134	2107307.0
161	jeep	72	1231619.0
161	lexus	94	1638573.0
161	kia	61	901049.0
161	acura	45	761729.0
161	honda	203	1872251.0
161	volvo	28	492210.0
161	audi	60	1313749.0
161	subaru	42	733396.0
161	dodge	99	1245549.0
161	mercedes-benz	120	2227786.0
161	ford	356	6646493.0
161	infiniti	48	599969.0
161	volkswagen	90	1315590.0
161	mini	36	461776.0
161	mitsubishi	14	168738.0
161	cadillac	35	798710.0
161	lincoln	27	472304.0
161	jaguar	22	468397.0
161	chrysler	31	348561.0
161	porsche	25	617142.0
161	rover	14	372293.0
161	pontiac	19	185349.0
164	jeep	60	738256.0
164	toyota	99	2688489.0
164	hyundai	100	912749.0
164	chevrolet	146	2074913.0
164	volkswagen	25	328279.0
164	dodge	62	1007096.0
164	ford	174	2631802.0
164	bmw	69	1144514.0
164	mercedes-benz	39	847516.0
164	kia	37	338421.0
164	gmc	30	612902.0
164	cadillac	27	541270.0
164	honda	38	610677.0
164	nissan	70	558219.0
164	ram	43	960571.0
164	mitsubishi	11	87792.0
164	acura	14	296467.0
164	audi	29	779711.0
164	jaguar	13	372515.0
164	infiniti	24	601991.0
164	lincoln	16	412984.0
164	lexus	20	199542.0
164	chrysler	20	286031.0
164	mazda	13	142096.0
164	subaru	12	161213.0
164	buick	17	260331.0
167	ford	85	1104013.0
167	chevrolet	75	1522474.0
167	mercedes-benz	18	191406.0
167	hyundai	11	129303.0
167	gmc	20	550789.0
167	ram	18	430390.0
167	lincoln	11	240540.0
167	acura	12	351490.0
167	nissan	18	163150.0
167	jeep	19	482920.0
167	honda	14	94900.0
167	infiniti	12	332298.0
167	dodge	22	397670.0
167	kia	12	124460.0
167	toyota	34	503840.0
167	bmw	13	306169.0
167	cadillac	13	233735.0
17	honda	138	1629227.0
17	mazda	38	443652.0
17	cadillac	23	523015.0
17	ford	388	6763084.0
17	kia	55	772763.0
17	dodge	70	984664.0
17	jeep	163	2713280.0
17	nissan	154	2085417.0
17	bmw	102	1892487.0
17	mitsubishi	16	279433.0
17	lexus	52	890391.0
17	hyundai	64	924672.0
17	ram	111	3260226.0
17	chrysler	34	343959.0
17	toyota	302	4944505.0
17	jaguar	13	446187.0
17	mercedes-benz	77	1622827.0
17	chevrolet	329	5766240.0
17	gmc	117	2449203.0
17	volkswagen	52	606094.0
17	subaru	160	2081042.0
17	rover	21	659916.0
17	volvo	38	510538.0
17	audi	75	1277572.0
17	infiniti	38	592378.0
17	acura	31	378458.0
17	porsche	15	430657.0
17	buick	20	253265.0
17	pontiac	10	87185.0
17	mini	16	205707.0
17	lincoln	20	458137.0
17	saturn	12	63946.0
170	chrysler	16	100655.0
170	lincoln	10	162160.0
170	dodge	12	293188.0
170	ford	149	3706162.0
170	bmw	17	350534.0
170	hyundai	21	124267.0
170	toyota	98	1097234.0
170	mercedes-benz	16	310274.0
170	volvo	17	423260.0
170	mazda	11	122290.0
170	nissan	53	332906.0
170	honda	30	197586.0
170	chevrolet	79	1387335.0
170	volkswagen	24	256913.0
170	acura	13	253055.0
170	gmc	11	249688.0
170	ram	17	459415.0
170	kia	10	55162.0
170	jeep	10	167949.0
173	chevrolet	80	1421414.0
173	toyota	40	592851.0
173	ford	97	1534703.0
173	jeep	29	770352.0
173	chrysler	21	114807.0
173	kia	16	148462.0
173	lexus	14	368840.0
173	nissan	40	358893.0
173	acura	15	299687.0
173	honda	11	88281.0
173	subaru	13	107935.0
173	mercedes-benz	12	305624.0
173	dodge	21	203000.0
173	hyundai	10	61811.0
173	audi	12	460880.0
173	gmc	12	173725.0
173	bmw	17	483407.0
173	volkswagen	12	63773.0
173	ram	17	308792.0
176	toyota	265	5229282.0
176	ford	468	9313009.0
176	chevrolet	338	6793058.0
176	ram	185	22451124.0
176	mercedes-benz	34	516571.0
176	bmw	51	927023.0
176	gmc	161	4851806.0
176	honda	133	1594736.0
176	volkswagen	61	789510.0
176	buick	50	124111771.0
176	subaru	159	1830066.0
176	jeep	139	2726086.0
176	audi	48	1163326.0
176	cadillac	29	646931.0
176	dodge	76	1592592.0
176	chrysler	38	344254.0
176	kia	48	640277.0
176	porsche	13	400422.0
176	hyundai	44	496147.0
176	lexus	24	347856.0
176	nissan	72	1019343.0
176	acura	27	461806.0
176	mitsubishi	31	271119.0
176	mazda	37	341947.0
176	volvo	11	117406.0
176	infiniti	10	145453.0
179	chevrolet	152	2750127.0
179	ford	206	4404166.0
179	honda	39	299108.0
179	toyota	98	1807262.0
179	nissan	53	736511.0
179	lincoln	12	282220.0
179	lexus	26	570190.0
179	infiniti	15	373774.0
179	cadillac	20	373115.0
179	gmc	23	512629.0
179	chrysler	26	304000.0
179	ram	45	1188430.0
179	bmw	32	705933.0
179	audi	24	817899.0
179	jeep	45	686535.0
179	dodge	30	351549.0
179	kia	38	369001.0
179	mercedes-benz	29	599603.0
179	buick	14	171642.0
179	volkswagen	28	410197.0
179	acura	25	532347.0
179	hyundai	26	223302.0
179	mitsubishi	12	175835.0
179	volvo	15	173065.0
179	mazda	12	187830.0
182	ford	46	777374.0
182	chevrolet	32	579285.0
182	toyota	21	289104.0
182	ram	15	432039.0
182	honda	14	162147.0
182	gmc	14	287939.0
182	jeep	12	309330.0
182	bmw	15	332490.0
182	mercedes-benz	11	236043.0
185	ford	172	2863383.0
185	honda	27	280550.0
185	dodge	38	671652.0
185	lexus	11	239829.0
185	bmw	27	720566.0
185	jeep	31	557919.0
185	chevrolet	123	2280809.0
185	gmc	37	802417.0
185	nissan	17	241441.0
185	ram	37	1154089.0
185	buick	21	251487.0
185	volkswagen	16	230564.0
185	toyota	37	585410.0
185	lincoln	15	377713.0
185	kia	15	188123.0
185	acura	15	404265.0
185	hyundai	20	193241.0
185	chrysler	16	143462.0
185	cadillac	11	205362.0
185	mercedes-benz	10	445805.0
188	toyota	18	285072.0
188	ram	15	512258.0
188	ford	75	2513933.0
188	jeep	15	447560.0
188	chevrolet	27	653926.0
188	buick	10	308610.0
188	gmc	14	383228.0
191	dodge	25	402225.0
191	mazda	14	142135.0
191	volvo	19	351533.0
191	kia	20	172460.0
191	buick	18	216865.0
191	bmw	32	836320.0
191	honda	47	342094.0
191	toyota	79	990243.0
191	ford	161	2513423.0
191	chevrolet	132	2516650.0
191	hyundai	45	356270.0
191	audi	15	431495.0
191	gmc	28	684686.0
191	jeep	42	729892.0
191	acura	15	330489.0
191	lincoln	15	293480.0
191	chrysler	10	81225.0
191	volkswagen	23	265080.0
191	ram	28	703164.0
191	subaru	16	182224.0
191	infiniti	15	350630.0
191	lexus	11	216525.0
191	nissan	38	413039.0
194	ford	17	277591.0
197	dodge	21	263122.0
197	ford	141	2600501.0
197	chevrolet	109	1726657.0
197	gmc	48	906076.0
197	honda	27	222645.0
197	porsche	10	278149.0
197	chrysler	24	160675.0
197	mercedes-benz	10	199500.0
197	ram	44	757085.0
197	jeep	20	375220.0
197	toyota	27	305252.0
197	nissan	13	103696.0
197	bmw	22	407545.0
197	buick	14	114675.0
2	ford	78	1610811.0
2	chevrolet	47	1011206.0
2	cadillac	16	500880.0
2	toyota	98	1680233.0
2	bmw	29	616714.0
2	subaru	49	500217.0
2	infiniti	11	392290.0
2	audi	16	305422.0
2	ram	23	699551.0
2	volkswagen	19	355403.0
2	acura	18	398947.0
2	hyundai	10	167950.0
2	jeep	28	576847.0
2	nissan	28	379901.0
2	honda	32	337310.0
2	kia	17	243762.0
2	mercedes-benz	19	586266.0
2	gmc	16	473648.0
2	lexus	22	493678.0
2	dodge	17	317868.0
2	mazda	14	229636.0
20	dodge	104	1517173.0
20	ford	267	6026383.0
20	bmw	68	1319585.0
20	lincoln	32	516774.0
20	hyundai	35	400960.0
20	mazda	13	127326.0
20	lexus	53	741428.0
20	toyota	101	2105297.0
20	subaru	17	261639.0
20	nissan	64	642759.0
20	kia	40	305199.0
20	ram	61	1572395.0
20	chevrolet	190	2910372.0
20	honda	68	700330.0
20	infiniti	23	325646.0
20	jeep	74	1003744.0
20	gmc	40	1073703.0
20	buick	14	137039.0
20	mitsubishi	14	150447.0
20	mercedes-benz	69	860495.0
20	acura	12	281625.0
20	volkswagen	31	362795.0
20	cadillac	33	562800.0
20	chrysler	24	349939.0
20	audi	13	253663.0
200	honda	69	860901.0
200	ford	490	6928422.0
200	bmw	47	681727.0
200	ram	166	2390771.0
200	chevrolet	231	2982701.0
200	gmc	116	1382173.0
200	subaru	56	694128.0
200	dodge	58	501508.0
200	hyundai	29	279177.0
200	volvo	18	122670.0
200	jeep	72	905681.0
200	volkswagen	49	491801.0
200	nissan	61	554215.0
200	toyota	190	3029368.0
200	audi	18	376221.0
200	mazda	14	137402.0
200	mercedes-benz	23	564890.0
200	mitsubishi	15	97540.0
200	chrysler	23	260134.0
200	lexus	17	278077.0
200	pontiac	10	72924.0
200	mini	15	117256.0
200	kia	36	346608.0
200	cadillac	10	110496.0
203	jeep	119	1815200.0
203	toyota	238	4120335.0
203	honda	139	1725553.0
203	lincoln	25	529665.0
203	cadillac	39	837262.0
203	volvo	12	202876.0
203	chevrolet	284	5961900.0
203	bmw	85	1661855.0
203	chrysler	35	371466.0
203	ford	344	6157965.0
203	buick	35	426975.0
203	dodge	46	686150.0
203	mazda	26	266359.0
203	audi	28	776671.0
203	kia	53	544384.0
203	nissan	87	1033743.0
203	ram	92	1882798.0
203	mercedes-benz	75	1246789.0
203	gmc	102	2812247.0
203	acura	29	575480.0
203	subaru	27	369763.0
203	pontiac	13	36797.0
203	lexus	53	1022558.0
203	infiniti	34	775380.0
203	mitsubishi	17	218525.0
203	hyundai	37	375383.0
203	volkswagen	36	438544.0
203	mini	10	159335.0
206	ford	89	973184.0
206	chevrolet	40	395532.0
206	dodge	15	89443.0
206	jeep	36	125630.0
206	toyota	25	123902.0
206	ram	39	829051.0
206	honda	19	70323.0
206	gmc	10	233915.0
209	honda	26	210620.0
209	ram	24	676855.0
209	toyota	23	389465.0
209	ford	57	1000250.0
209	bmw	14	316233.0
209	jeep	18	354100.0
209	chevrolet	41	663400.0
209	nissan	11	168749.0
209	subaru	11	102274.0
209	gmc	14	303205.0
209	dodge	14	151240.0
215	subaru	23	206923.0
215	chevrolet	60	639233.0
215	nissan	31	349763.0
215	honda	41	586873.0
215	jeep	28	353154.0
215	ram	17	441294.0
215	toyota	46	477961.0
215	ford	103	1109288.0
215	kia	16	155502.0
215	volvo	10	343992.0
215	dodge	26	243553.0
215	hyundai	21	269913.0
215	gmc	21	414373.0
215	chrysler	14	118219.0
215	acura	11	204444.0
215	mazda	10	103124.0
218	chevrolet	97	1662645.0
218	ford	130	2257831.0
218	hyundai	25	239635.0
218	toyota	58	899844.0
218	kia	18	167185.0
218	gmc	21	398105.0
218	subaru	17	154367.0
218	nissan	22	173235.0
218	honda	47	394120.0
218	infiniti	10	188450.0
218	audi	15	396505.0
218	ram	22	491839.0
218	bmw	31	701595.0
218	mercedes-benz	29	257199.0
218	jeep	31	574030.0
218	lexus	12	211830.0
218	volkswagen	17	182230.0
218	buick	16	321405.0
218	chrysler	13	82725.0
218	dodge	18	197855.0
218	mazda	16	160035.0
218	jaguar	11	275225.0
221	chevrolet	225	3591407.0
221	mercedes-benz	60	1268068.0
221	toyota	223	2570511.0
221	honda	163	1451793.0
221	hyundai	78	724321.0
221	ford	277	3937900.0
221	mitsubishi	19	335972.0
221	chrysler	33	306780.0
221	bmw	79	1308386.0
221	nissan	99	1006812.0
221	audi	62	1434862.0
221	gmc	72	1185389.0
221	lexus	47	1061524.0
221	mazda	29	327897.0
221	volvo	34	473576.0
221	acura	30	630538.0
221	infiniti	30	649679.0
221	volkswagen	57	902146.0
221	jeep	110	1995421.0
221	cadillac	42	796988.0
221	subaru	54	517164.0
221	dodge	35	565817.0
221	ram	48	1316394.0
221	buick	23	370103.0
221	mini	25	315454.0
221	porsche	12	380569.0
221	fiat	11	206354.0
221	rover	14	332730.0
221	kia	44	549657.0
221	jaguar	10	174945.0
221	lincoln	15	347504.0
224	chevrolet	36	1032914.0
224	gmc	10	226900.0
224	toyota	20	464414.0
224	ford	19	464453.0
224	buick	14	423177.0
224	dodge	10	129139.0
227	ford	56	938002.0
227	dodge	12	269090.0
227	hyundai	15	199922.0
227	chevrolet	48	960639.0
227	jeep	31	581324.0
227	ram	22	537440.0
227	nissan	16	203880.0
227	toyota	16	292256.0
227	bmw	16	469360.0
23	chevrolet	260	4965209.0
23	cadillac	40	805248.0
23	mini	20	223996.0
23	honda	137	1675542.0
23	subaru	127	1985511.0
23	ford	383	7693045.0
23	gmc	67	1584882.0
23	chrysler	39	383034.0
23	ram	103	3140676.0
23	toyota	239	4817238.0
23	volvo	31	697107.0
23	audi	51	988040.0
23	jeep	180	3401623.0
23	bmw	75	1457621.0
23	dodge	57	941729.0
23	hyundai	68	958767.0
23	acura	35	612285.0
23	infiniti	29	596233.0
23	kia	47	697892.0
23	nissan	106	1491829.0
23	lexus	54	1244227.0
23	volkswagen	44	590046.0
23	mercedes-benz	65	1362867.0
23	rover	14	173116.0
23	buick	39	427301.0
23	jaguar	12	318182.0
23	fiat	10	108306.0
23	mazda	26	331188.0
23	mitsubishi	13	144654.0
23	lincoln	10	228838.0
230	chevrolet	22	554960.0
230	audi	15	487050.0
230	ford	25	535325.0
230	toyota	13	286850.0
230	honda	11	47980.0
230	lexus	13	431870.0
233	volkswagen	77	30063.0
233	jeep	19	233473.0
233	ford	72	2115720.0
233	toyota	11	183488.0
233	chevrolet	33	876410.0
233	ram	19	858925.0
233	nissan	10	118595.0
236	kia	52	486199.0
236	chevrolet	317	7884609.0
236	volkswagen	36	497643.0
236	nissan	94	1002945.0
236	mini	26	511104.0
236	ram	183	6826268.0
236	mercedes-benz	113	3739392.0
236	ford	471	13312253.0
236	volvo	34	1236792.0
236	gmc	94	2584585.0
236	toyota	196	3616980.0
236	buick	26	493450.0
236	honda	131	975343.0
236	acura	37	812795.0
236	hyundai	59	502327.0
236	dodge	49	673811.0
236	infiniti	52	979942.0
236	bmw	65	935959.0
236	lexus	40	1152197.0
236	audi	44	1069374.0
236	chrysler	21	186723.0
236	rover	14	406642.0
236	jeep	53	1215568.0
236	subaru	20	352751.0
236	mazda	22	367316.0
236	cadillac	37	769001.0
236	jaguar	10	285820.0
236	mitsubishi	18	248635.0
236	lincoln	13	378003.0
239	ford	263	5968053.0
239	toyota	104	1714084.0
239	chevrolet	160	3760557.0
239	jeep	48	1114930.0
239	hyundai	18	202970.0
239	acura	38	787370.0
239	dodge	32	705664.0
239	nissan	68	1024786.0
239	mercedes-benz	29	599129.0
239	gmc	49	1241554.0
239	honda	53	571357.0
239	chrysler	15	180073.0
239	ram	34	969353.0
239	cadillac	34	891736.0
239	bmw	35	726514.0
239	lexus	35	847845.0
239	volkswagen	20	289913.0
239	lincoln	17	470966.0
239	kia	29	396281.0
239	buick	14	186948.0
239	audi	23	561817.0
239	subaru	13	192931.0
239	infiniti	23	613344.0
242	ford	28	623060.0
242	chevrolet	21	565400.0
242	toyota	14	337885.0
242	jeep	17	447740.0
245	gmc	19	379407.0
245	acura	23	507357.0
245	chevrolet	64	1207696.0
245	ram	43	920479.0
245	nissan	21	168341.0
245	mazda	12	158067.0
245	volkswagen	21	237508.0
245	lexus	18	244534.0
245	ford	139	1468259.0
245	toyota	79	1172174.0
245	dodge	22	381000.0
245	jeep	40	735171.0
245	honda	63	1119303.0
245	subaru	36	315224.0
245	volvo	10	211888.0
245	hyundai	10	99857.0
245	mercedes-benz	15	216647.0
245	audi	13	284177.0
248	ford	13	382300.0
248	gmc	11	330090.0
248	toyota	10	279220.0
248	volvo	13	394070.0
248	jeep	18	513350.0
248	chevrolet	16	400870.0
251	toyota	279	4287526.0
251	gmc	99	2249415.0
251	ford	437	7658474.0
251	ram	135	3568087.0
251	infiniti	37	627812.0
251	honda	129	1712678.0
251	audi	52	1205480.0
251	chevrolet	373	7295802.0
251	chrysler	41	510329.0
251	hyundai	71	1015086.0
251	dodge	69	1044290.0
251	subaru	41	806815.0
251	mitsubishi	26	356987.0
251	mazda	42	595796.0
251	cadillac	52	1106474.0
251	mercedes-benz	95	1778714.0
251	kia	89	1102308.0
251	fiat	33	135115.0
251	bmw	83	1642411.0
251	lincoln	30	594358.0
251	jeep	89	1833198.0
251	lexus	69	1445284.0
251	mini	16	294159.0
251	nissan	152	1758831.0
251	buick	38	539173.0
251	acura	31	616343.0
251	pontiac	13	103094.0
251	volkswagen	88	1290693.0
251	rover	23	688285.0
251	tesla	12	388701.0
251	volvo	19	381297.0
251	porsche	11	397673.0
254	chevrolet	461	8643408.0
254	audi	30	610795.0
254	ram	92	2711603.0
254	nissan	145	1329371.0
254	jeep	94	1438067.0
254	ford	432	8550211.0
254	kia	61	425377.0
254	toyota	264	3492246.0
254	hyundai	89	748745.0
254	mazda	29	403574.0
254	gmc	113	2135533.0
254	honda	186	1940101.0
254	lexus	70	1150059.0
254	acura	45	1069776.0
254	mercedes-benz	157	3948656.0
254	bmw	126	2594190.0
254	subaru	45	537712.0
254	chrysler	36	291684.0
254	buick	29	297576.0
254	dodge	87	1166671.0
254	volvo	39	1374641.0
254	mitsubishi	19	157471.0
254	volkswagen	50	500206.0
254	rover	14	315823.0
254	infiniti	24	447971.0
254	cadillac	30	552821.0
254	fiat	11	105825.0
257	toyota	26	554986.0
257	ford	40	807440.0
257	jeep	12	306410.0
257	ram	12	283220.0
257	chevrolet	32	854878.0
257	acura	17	508830.0
26	ford	90	2631519.0
26	chevrolet	34	203717.0
26	honda	11	22695.0
26	nissan	10	46387.0
260	subaru	10	135936.0
260	ford	138	4325301.0
260	ram	42	1795464.0
260	toyota	64	1372831.0
260	chevrolet	102	3139133.0
260	bmw	21	558888.0
260	jeep	43	971541.0
260	dodge	26	621921.0
260	mercedes-benz	12	255214.0
260	cadillac	14	289872.0
260	honda	39	387964.0
260	nissan	20	352700.0
260	mazda	10	192606.0
260	gmc	29	825320.0
260	lexus	10	236096.0
260	volkswagen	17	248894.0
260	lincoln	15	342492.0
260	acura	24	662675.0
260	mitsubishi	10	208408.0
263	toyota	370	4403609.0
263	ford	303	5609612.0
263	bmw	175	2746229.0
263	dodge	89	1066437.0
263	mazda	45	687778.0
263	lexus	96	1648480.0
263	honda	162	1854831.0
263	hyundai	82	996725.0
263	mercedes-benz	169	3323710.0
263	kia	63	789838.0
263	chevrolet	246	3711830.0
263	volkswagen	91	1170705.0
263	volvo	42	717447.0
263	cadillac	37	698003.0
263	fiat	14	152889.0
263	nissan	155	1844537.0
263	mitsubishi	23	285374.0
263	infiniti	41	606061.0
263	jaguar	16	345695.0
263	subaru	49	721128.0
263	chrysler	25	395020.0
263	porsche	31	1340276.0
263	audi	54	1170116.0
263	jeep	87	1543956.0
263	gmc	54	965099.0
263	ram	48	1039549.0
263	lincoln	18	339165.0
263	mini	41	550106.0
263	acura	43	660211.0
263	rover	26	773473.0
263	buick	15	247839.0
263	alfa-romeo	10	300634.0
266	toyota	25	629554.0
266	chevrolet	42	863194.0
266	volvo	17	441850.0
266	ford	86	102748052.0
266	gmc	18	563826.0
266	jeep	14	334560.0
266	lincoln	10	248983.0
266	ram	11	388948.0
266	honda	10	176992.0
269	infiniti	16	392068.0
269	chevrolet	168	3676429.0
269	ford	121	3844752.0
269	honda	35	299320.0
269	nissan	38	574824.0
269	toyota	48	1174167.0
269	mercedes-benz	51	2273504.0
269	hyundai	24	216593.0
269	gmc	39	1034447.0
269	lexus	23	549999.0
269	buick	15	165068.0
269	audi	22	744580.0
269	ram	34	1538657.0
269	mazda	10	173630.0
269	acura	22	509379.0
269	kia	30	346215.0
269	jeep	41	696457.0
269	mini	11	240835.0
269	cadillac	19	497598.0
269	dodge	19	325026.0
269	bmw	22	537921.0
269	volkswagen	18	258358.0
269	chrysler	10	126420.0
272	honda	187	2096131.0
272	toyota	287	3908783.0
272	nissan	152	1743062.0
272	ford	332	5379962.0
272	chrysler	21	190593.0
272	chevrolet	290	4971900.0
272	cadillac	29	630173.0
272	acura	39	751258.0
272	gmc	73	1587008.0
272	buick	10	95341.0
272	hyundai	57	655768.0
272	mercedes-benz	66	1159186.0
272	lexus	60	1128067.0
272	rover	18	563570.0
272	bmw	80	1283388.0
272	mitsubishi	20	219210.0
272	ram	54	1178258.0
272	subaru	26	422179.0
272	infiniti	30	468342.0
272	volkswagen	83	1066621.0
272	dodge	51	573644.0
272	jeep	86	1309916.0
272	mazda	38	491397.0
272	kia	35	412680.0
272	audi	31	596230.0
272	lincoln	14	110358.0
272	mini	22	340519.0
272	volvo	43	829413.0
275	dodge	98	1283620.0
275	lexus	109	1612458.0
275	chrysler	23	257857.0
275	toyota	318	5017477.0
275	gmc	77	1666945.0
275	ford	383	5613717.0
275	nissan	107	1514746.0
275	audi	50	1135583.0
275	honda	299	4482398.0
275	hyundai	94	1157270.0
275	chevrolet	317	5542588.0
275	kia	59	568017.0
275	mazda	65	1116844.0
275	ram	63	1532235.0
275	jeep	74	1374046.0
275	bmw	107	1753596.0
275	mitsubishi	14	97497.0
275	volkswagen	53	730025.0
275	mercedes-benz	129	2589238.0
275	infiniti	52	782678.0
275	subaru	57	951939.0
275	acura	60	750240.0
275	volvo	18	384708.0
275	rover	24	755409.0
275	buick	10	98434.0
275	mini	23	291239.0
275	cadillac	46	732042.0
275	porsche	14	295671.0
278	bmw	34	651502.0
278	kia	25	233183.0
278	volvo	81	2956021.0
278	audi	13	163263.0
278	honda	128	1315179.0
278	ford	223	4128616.0
278	lexus	27	620763.0
278	chevrolet	160	2811344.0
278	toyota	147	2399418.0
278	nissan	65	889405.0
278	mazda	42	542788.0
278	gmc	44	825241.0
278	ram	50	1810354.0
278	dodge	22	234902.0
278	volkswagen	40	357704.0
278	mercedes-benz	36	1212652.0
278	hyundai	23	309213.0
278	jeep	47	735170.0
278	buick	11	238990.0
278	subaru	24	297924.0
281	ford	312	5317655.0
281	nissan	107	1451464.0
281	gmc	74	1398442.0
281	kia	44	671991.0
281	bmw	163	2828127.0
281	mercedes-benz	180	4555739.0
281	mazda	71	1020030.0
281	chevrolet	227	4353750.0
281	volkswagen	97	1355020.0
281	jeep	77	954291.0
281	toyota	394	5427630.0
281	acura	59	997313.0
281	dodge	57	942239.0
281	lexus	109	1750940.0
281	audi	71	1450844.0
281	honda	215	2416466.0
281	hyundai	76	1164470.0
281	ram	54	1267675.0
281	volvo	25	375306.0
281	rover	28	970364.0
281	subaru	82	1132061.0
281	jaguar	22	489264.0
281	mini	21	253223.0
281	buick	30	585858.0
281	chrysler	27	398931.0
281	lincoln	26	565663.0
281	infiniti	42	640949.0
281	cadillac	36	680596.0
281	mitsubishi	16	285480.0
281	porsche	22	862664.0
281	tesla	15	560045.0
284	ford	25	376579.0
284	chevrolet	13	422892.0
287	ford	45	874875.0
287	toyota	35	670445.0
287	chevrolet	32	627075.0
287	honda	10	150209.0
29	mazda	14	201761.0
29	gmc	18	451173.0
29	chevrolet	100	1295071.0
29	jeep	32	464262.0
29	nissan	47	359891.0
29	toyota	75	820991.0
29	hyundai	30	254013.0
29	chrysler	14	85873.0
29	ford	134	3151742.0
29	volvo	16	460625.0
29	lexus	13	245915.0
29	dodge	15	209926.0
29	honda	40	371001.0
29	acura	18	369966.0
29	ram	32	810590.0
29	kia	22	203431.0
29	buick	14	166550.0
29	bmw	15	136675.0
29	subaru	10	111730.0
29	mercedes-benz	15	123105.0
290	honda	73	512229.0
290	hyundai	32	243015.0
290	mazda	31	124050.0
290	ford	191	3986041.0
290	nissan	85	697791.0
290	pontiac	12	133860.0
290	mercedes-benz	36	478046.0
290	chevrolet	231	3991873.0
290	toyota	115	1179443.0
290	gmc	51	847296.0
290	chrysler	15	107230.0
290	jeep	40	778858.0
290	volkswagen	22	145677.0
290	dodge	82	709725.0
290	ram	25	478179.0
290	audi	18	321491.0
290	acura	10	187890.0
290	cadillac	20	327092.0
290	kia	19	133675.0
290	lexus	23	450367.0
290	bmw	25	316937.0
290	infiniti	20	81390.0
290	mitsubishi	10	129755.0
293	ford	20	585170.0
293	chevrolet	20	431823.0
296	ford	342	6701803.0
296	hyundai	42	305948.0
296	honda	219	1467420.0
296	mazda	27	277847.0
296	ram	54	1688289.0
296	kia	45	340084.0
296	acura	21	405164.0
296	audi	54	1030984.0
296	jeep	73	644842.0
296	chevrolet	178	2870606.0
296	bmw	80	1991221.0
296	toyota	168	2059151.0
296	lexus	19	352082.0
296	mercedes-benz	50	1012742.0
296	volvo	25	256987.0
296	volkswagen	51	514236.0
296	dodge	69	643111.0
296	gmc	66	1518906.0
296	chrysler	26	269946.0
296	nissan	79	729489.0
296	subaru	126	1258656.0
296	infiniti	13	341498.0
296	cadillac	21	388303.0
296	buick	17	230489.0
296	rover	11	110936.0
296	jaguar	11	222036.0
296	lincoln	15	329081.0
299	bmw	18	400438.0
299	ford	49	797938.0
299	chevrolet	28	624802.0
299	volkswagen	12	175109.0
299	toyota	11	295529.0
299	audi	13	552270.0
299	jeep	12	436190.0
299	lexus	17	446854.0
302	ford	38	843890.0
302	ram	12	269755.0
302	chevrolet	24	396230.0
302	dodge	10	179895.0
305	honda	10	165450.0
305	ford	36	818638.0
305	lincoln	15	410050.0
305	chevrolet	31	650804.0
305	gmc	13	357490.0
305	jeep	15	446085.0
305	toyota	11	241120.0
308	chevrolet	22	416253.0
308	dodge	12	33180.0
308	ford	16	132460.0
311	bmw	29	607365.0
311	ford	180	3651203.0
311	chevrolet	128	2096963.0
311	jeep	38	704945.0
311	honda	64	784889.0
311	audi	24	612145.0
311	dodge	36	538923.0
311	kia	27	475678.0
311	nissan	32	537634.0
311	cadillac	13	356600.0
311	infiniti	11	287505.0
311	mercedes-benz	19	348037.0
311	buick	14	179511.0
311	ram	27	797390.0
311	toyota	63	937094.0
311	acura	11	207285.0
311	hyundai	34	399253.0
311	chrysler	18	142359.0
311	mazda	10	119513.0
311	lexus	24	615778.0
311	volkswagen	21	226070.0
311	gmc	26	575273.0
311	subaru	22	379909.0
311	lincoln	12	436820.0
311	jaguar	11	308165.0
314	chevrolet	40	778484.0
314	ford	46	845051.0
314	bmw	10	245215.0
314	toyota	18	287580.0
314	jeep	11	209040.0
317	bmw	16	465350.0
317	ford	19	413920.0
317	chevrolet	28	714485.0
32	bmw	75	1213138.0
32	ford	363	7404984.0
32	chevrolet	300	6382226.0
32	honda	120	836883.0
32	lexus	44	805815.0
32	subaru	20	296698.0
32	ram	101	3434077.0
32	kia	43	324742.0
32	toyota	187	2378954.0
32	cadillac	31	591913.0
32	chrysler	27	249501.0
32	gmc	120	3866063.0
32	mercedes-benz	73	885202.0
32	acura	38	522336.0
32	dodge	50	665398.0
32	audi	21	570157.0
32	volvo	14	130651.0
32	nissan	93	825062.0
32	hyundai	48	291186.0
32	mitsubishi	12	163635.0
32	lincoln	22	496988.0
32	mazda	20	247308.0
32	infiniti	32	467697.0
32	buick	30	335225.0
32	volkswagen	27	406669.0
32	jeep	71	1137330.0
32	mini	11	180648.0
320	toyota	175	1846066.0
320	gmc	121	2263572.0
320	chevrolet	665	11409989.0
320	ford	562	9871150.0
320	dodge	110	1378550.0
320	tesla	11	566690.0
320	acura	27	481243.0
320	cadillac	66	1058766.0
320	subaru	45	537370.0
320	ram	108	2803336.0
320	honda	101	884479.0
320	kia	38	287419.0
320	jeep	114	1929556.0
320	buick	51	638194.0
320	hyundai	47	419435.0
320	audi	33	473573.0
320	bmw	74	1402280.0
320	infiniti	19	259115.0
320	nissan	105	1271597.0
320	mazda	21	199838.0
320	mercedes-benz	42	966837.0
320	lexus	44	567596.0
320	volkswagen	47	388870.0
320	chrysler	50	420745.0
320	mercury	12	46575.0
320	volvo	15	247778.0
320	pontiac	26	159163.0
320	lincoln	28	237326.0
320	mitsubishi	11	219530.0
323	bmw	13	372470.0
323	ram	11	363720.0
323	ford	25	670260.0
323	lincoln	12	313480.0
323	chevrolet	14	436770.0
326	ram	30	498411.0
326	lexus	35	924493.0
326	volkswagen	61	950986.0
326	toyota	155	1745585.0
326	lincoln	23	451109.0
326	nissan	83	1050077.0
326	ford	280	3683550.0
326	mercedes-benz	75	1225952.0
326	bmw	45	994493.0
326	gmc	72	1085238.0
326	jeep	106	1608429.0
326	chevrolet	216	3916282.0
326	honda	115	1323125.0
326	subaru	96	845384.0
326	audi	56	1344472.0
326	hyundai	45	496475.0
326	mitsubishi	19	360409.0
326	kia	27	342816.0
326	mazda	26	308254.0
326	mercury	11	46173.0
326	dodge	53	579608.0
326	cadillac	27	402387.0
326	volvo	37	533844.0
326	buick	15	275056.0
326	mini	10	198430.0
326	jaguar	10	194369.0
326	rover	10	324237.0
326	chrysler	26	236097.0
326	acura	27	532603.0
326	infiniti	11	296526.0
329	ford	38	538017.0
329	bmw	11	210379.0
329	lexus	17	436425.0
329	chevrolet	24	584460.0
329	honda	11	77645.0
329	toyota	29	374475.0
329	mercedes-benz	18	199524.0
329	nissan	11	202760.0
329	infiniti	22	674390.0
332	subaru	16	209894.0
332	honda	27	351217.0
332	hyundai	15	142115.0
332	buick	13	111301.0
332	nissan	21	317994.0
332	pontiac	10	41820.0
332	chrysler	25	254958.0
332	ford	135	2062385.0
332	ram	16	454123.0
332	chevrolet	141	2195790.0
332	gmc	25	404650.0
332	jeep	30	569445.0
332	mazda	11	111063.0
332	kia	14	133768.0
332	dodge	18	294059.0
332	toyota	37	347507.0
332	cadillac	10	139268.0
335	audi	17	613350.0
335	ford	43	866266.0
335	toyota	22	440205.0
335	volkswagen	17	255370.0
335	chevrolet	58	1331413.0
335	honda	19	244114.0
335	bmw	15	428794.0
335	nissan	13	163760.0
335	acura	10	310900.0
335	gmc	12	274705.0
335	kia	13	163200.0
335	jeep	13	245785.0
335	dodge	19	337750.0
338	ford	112	2324867.0
338	chevrolet	66	1150066.0
338	honda	17	193855.0
338	ram	22	442213.0
338	gmc	23	419042.0
338	lincoln	16	409650.0
338	nissan	12	161893.0
338	toyota	23	558961.0
338	jeep	29	626393.0
338	buick	14	230701.0
341	ford	92	1653031.0
341	toyota	42	578648.0
341	bmw	42	827983.0
341	jeep	30	539711.0
341	gmc	40	752758.0
341	dodge	15	218784.0
341	chevrolet	102	1622854.0
341	chrysler	13	101958.0
341	nissan	22	182457.0
341	lincoln	10	148808.0
341	volkswagen	15	192503.0
341	honda	36	314519.0
341	infiniti	18	446908.0
341	mercedes-benz	20	307834.0
341	subaru	17	173028.0
341	ram	16	361433.0
341	audi	21	393036.0
344	toyota	26	503490.0
344	ford	120	2339095.0
344	jeep	31	771248.0
344	gmc	23	433715.0
344	chevrolet	103	1907577.0
344	honda	16	170110.0
344	ram	21	483924.0
344	dodge	21	503394.0
344	acura	12	367915.0
344	volkswagen	12	193685.0
344	buick	15	277250.0
344	nissan	20	362555.0
347	bmw	10	290280.0
347	chevrolet	49	751455.0
347	chrysler	12	40609.0
347	toyota	13	235551.0
347	ford	52	971697.0
347	jeep	11	321816.0
347	nissan	13	19984.0
35	infiniti	11	269500.0
35	toyota	29	508915.0
35	dodge	14	242435.0
35	gmc	13	247429.0
35	jeep	22	395190.0
35	hyundai	26	190805.0
35	ford	85	1411486.0
35	chevrolet	71	1283335.0
35	ram	18	582260.0
35	honda	16	227905.0
35	subaru	20	161748.0
35	buick	13	369090.0
35	cadillac	13	232725.0
350	ford	196	3427983.0
350	lexus	26	391926.0
350	bmw	56	914928.0
350	hyundai	19	249654.0
350	volkswagen	23	273322.0
350	chevrolet	148	2659441.0
350	ram	47	1086986.0
350	honda	100	1260475.0
350	toyota	162	2638311.0
350	gmc	52	1311467.0
350	buick	14	266161.0
350	mitsubishi	14	240967.0
350	acura	26	599531.0
350	dodge	27	481060.0
350	subaru	90	1080183.0
350	chrysler	13	130864.0
350	jeep	62	994590.0
350	lincoln	17	408898.0
350	audi	26	733878.0
350	mazda	19	254617.0
350	nissan	54	135721209.0
350	cadillac	21	672717.0
350	kia	29	334731.0
350	mercedes-benz	60	793768.0
350	infiniti	27	625745.0
353	chevrolet	88	1272062.0
353	gmc	29	345260.0
353	ford	85	1106714.0
353	jeep	13	175712.0
353	ram	17	288233.0
353	toyota	16	289510.0
353	honda	11	126220.0
353	dodge	19	135899.0
356	chevrolet	37	556376.0
356	ford	46	725413.0
356	gmc	11	134081.0
356	ram	10	329968.0
356	subaru	13	150336.0
356	jeep	15	283970.0
356	toyota	20	258611.0
356	dodge	10	111253.0
359	honda	17	150694.0
359	chevrolet	29	403324.0
359	gmc	11	254000.0
359	buick	10	44375.0
359	nissan	16	151246.0
359	ford	53	1036693.0
359	jeep	14	458670.0
359	toyota	29	330554.0
359	dodge	13	93618.0
362	ford	78	985975.0
362	chevrolet	48	806530.0
362	dodge	23	174860.0
362	lincoln	18	360501.0
362	acura	13	526470.0
362	gmc	19	224568.0
362	toyota	14	316115.0
362	chrysler	16	88130.0
362	buick	16	325795.0
368	ford	225	6176757.0
368	pontiac	10	79039.0
368	toyota	126	3054394.0
368	ram	136	4352831.0
368	lexus	18	402360.0
368	chevrolet	237	6332867.0
368	volkswagen	24	388503.0
368	nissan	37	416155.0
368	subaru	49	590019.0
368	honda	35	565685.0
368	chrysler	10	148335.0
368	buick	10	157455.0
368	hyundai	23	312319.0
368	cadillac	24	741416.0
368	gmc	86	2919312.0
368	jeep	92	2040825.0
368	mazda	18	176049.0
368	dodge	34	696661.0
368	audi	17	274274.0
368	bmw	16	330315.0
368	kia	19	272429.0
371	toyota	39	430016.0
371	cadillac	11	89976.0
371	chevrolet	158	2171801.0
371	ford	122	1553660.0
371	ram	32	675981.0
371	gmc	35	455960.0
371	subaru	76	1034773.0
371	bmw	30	521417.0
371	mercedes-benz	14	227444.0
371	nissan	17	200966.0
371	jeep	43	746277.0
371	dodge	18	79961.0
371	kia	10	83885.0
371	honda	29	287637.0
371	buick	12	205595.0
374	chevrolet	17	440989.0
374	ford	17	441790.0
377	ford	215	3346230.0
377	audi	13	391484.0
377	jeep	37	808762.0
377	infiniti	14	375779.0
377	volkswagen	17	240048.0
377	buick	21	228178.0
377	ram	40	899306.0
377	gmc	50	1013499.0
377	chevrolet	187	2733691.0
377	kia	15	137012.0
377	nissan	24	263641.0
377	mazda	13	200626.0
377	chrysler	12	107633.0
377	toyota	39	755118.0
377	dodge	42	607424.0
377	subaru	17	206605.0
377	hyundai	14	147440.0
377	bmw	20	485466.0
377	lincoln	30	342201.0
377	honda	27	249149.0
377	pontiac	12	42159.0
377	cadillac	17	271204.0
38	ford	20	277473.0
380	ram	49	1555130.0
380	buick	12	171276.0
380	ford	69	1458573.0
380	honda	19	444958.0
380	chevrolet	73	1518396.0
380	toyota	53	1385740.0
380	hyundai	10	184498.0
380	jeep	47	1095630.0
380	gmc	18	305354.0
380	volkswagen	13	276310.0
380	nissan	17	316309.0
380	dodge	25	543359.0
380	subaru	19	299784.0
380	lexus	13	325176.0
380	cadillac	14	515974.0
383	ram	94	2253765.0
383	chevrolet	385	7336071.0
383	toyota	232	2826658.0
383	dodge	100	1014939.0
383	lexus	73	1267629.0
383	audi	39	1079653.0
383	honda	200	2274842.0
383	ford	477	12358789.0
383	volkswagen	59	824852.0
383	jeep	98	1272482.0
383	kia	51	364003.0
383	mercedes-benz	114	1575426.0
383	infiniti	16	246871.0
383	hyundai	73	706790.0
383	nissan	133	1307385.0
383	buick	44	466567.0
383	subaru	42	413889.0
383	mitsubishi	21	220229.0
383	gmc	113	2322710.0
383	bmw	115	1661941.0
383	pontiac	19	151937.0
383	mercury	15	61650.0
383	mini	25	184915.0
383	cadillac	39	657287.0
383	mazda	33	340536.0
383	volvo	25	419803.0
383	lincoln	26	340740.0
383	acura	30	363277.0
383	chrysler	59	326903.0
383	rover	21	387237.0
383	porsche	10	326623.0
383	jaguar	10	170649.0
389	chevrolet	125	2347951.0
389	ford	154	2797629.0
389	jeep	29	611523.0
389	buick	15	133779.0
389	lincoln	10	177835.0
389	pontiac	12	54255.0
389	gmc	49	852252.0
389	dodge	28	238007.0
389	toyota	23	402091.0
389	honda	12	136890.0
389	volkswagen	13	132600.0
389	ram	30	921015.0
389	chrysler	15	126660.0
392	ford	188	6754835.0
392	chevrolet	97	3534362.0
392	toyota	62	1871214.0
392	mitsubishi	13	79169.0
392	gmc	57	2693260.0
392	ram	98	3738779.0
392	dodge	15	259839.0
392	jeep	45	1138530.0
392	honda	16	218521.0
392	subaru	12	163595.0
392	nissan	19	459330.0
395	ford	52	1404660.0
395	chevrolet	49	1078729.0
395	bmw	14	481480.0
395	jeep	12	287075.0
395	toyota	12	299581.0
395	gmc	10	265980.0
395	acura	10	196210.0
395	lexus	11	333890.0
398	ford	44	655129.0
398	chevrolet	35	787117.0
398	honda	29	569049.0
398	acura	13	437480.0
401	chevrolet	94	1590338.0
401	honda	47	322940.0
401	bmw	20	272687.0
401	toyota	92	1327188.0
401	nissan	53	246153.0
401	ford	207	3957937.0
401	ram	56	1529227.0
401	volkswagen	39	127292.0
401	buick	10	54740.0
401	gmc	41	743452.0
401	volvo	15	13962.0
401	subaru	39	355389.0
401	dodge	21	166085.0
401	mercedes-benz	16	160260.0
401	kia	25	139702.0
401	jeep	32	356003.0
401	hyundai	18	67173.0
401	acura	10	96382.0
401	audi	10	144484.0
404	ford	24	451476.0
404	chevrolet	19	340681.0
407	kia	12	99618.0
407	mercedes-benz	10	324615.0
407	volkswagen	13	207285.0
407	chevrolet	77	1510467.0
407	ford	69	1504262.0
407	gmc	18	379708.0
407	bmw	12	364865.0
407	honda	12	163859.0
407	jeep	24	540604.0
407	ram	11	295948.0
407	subaru	12	130963.0
407	toyota	17	373979.0
407	hyundai	13	80853.0
407	acura	12	364390.0
407	dodge	11	242631.0
407	nissan	10	173629.0
41	nissan	11	13500.0
41	ford	19	451205.0
41	chevrolet	24	249790.0
41	toyota	12	114000.0
410	chevrolet	503	9504283.0
410	ford	525	8810505.0
410	mercedes-benz	71	1673610.0
410	dodge	127	1964735.0
410	ram	143	3168007.0
410	kia	56	623970.0
410	gmc	183	3221233.0
410	nissan	141	1479319.0
410	bmw	61	1381679.0
410	mazda	38	458838.0
410	cadillac	57	1035672.0
410	hyundai	73	433026.0
410	toyota	163	2158187.0
410	jeep	118	2115889.0
410	honda	109	1428275.0
410	infiniti	52	537712.0
410	lincoln	39	693214.0
410	subaru	27	299332.0
410	volvo	10	192245.0
410	buick	45	639386.0
410	audi	33	1029603.0
410	chrysler	41	503994.0
410	lexus	41	716072.0
410	acura	27	517575.0
410	mini	13	101873.0
410	mitsubishi	21	385953.0
410	pontiac	11	93913.0
410	volkswagen	32	466086.0
410	jaguar	15	423871.0
413	gmc	15	290465.0
413	nissan	11	128935.0
413	jeep	17	300106.0
413	chevrolet	27	506806.0
413	honda	24	266315.0
413	buick	13	427730.0
413	toyota	15	211755.0
413	lexus	14	322880.0
413	ford	35	659938.0
416	bmw	11	347314.0
416	chevrolet	49	1115854.0
416	buick	13	442680.0
416	acura	11	360800.0
416	ford	41	1164962.0
416	toyota	10	220013.0
416	ram	18	640911.0
416	jeep	16	332580.0
419	chrysler	48	437711.0
419	honda	119	1003316.0
419	pontiac	26	131661.0
419	bmw	49	1054846.0
419	ford	358	5470019.0
419	volkswagen	40	391461.0
419	chevrolet	315	177455548.0
419	jeep	154	1557258.0
419	dodge	99	1026036.0
419	infiniti	26	538657.0
419	toyota	137	1791516.0
419	lexus	31	650879.0
419	audi	27	502434.0
419	mercedes-benz	41	790774.0
419	ram	68	1466355.0
419	volvo	13	184143.0
419	mazda	28	279905.0
419	buick	36	306520.0
419	nissan	53	646077.0
419	gmc	74	1352606.0
419	hyundai	93	963385.0
419	acura	27	501503.0
419	cadillac	44	975631.0
419	lincoln	21	313508.0
419	subaru	47	600982.0
419	kia	57	548348.0
419	mitsubishi	17	186893.0
419	mini	12	181802.0
422	nissan	164	1751263.0
422	jeep	92	1547738.0
422	toyota	163	2235766.0
422	buick	28	385372.0
422	chevrolet	541	10672950.0
422	lexus	66	1060084.0
422	lincoln	32	501098.0
422	mazda	38	447498.0
422	ford	521	10460818.0
422	bmw	59	893269.0
422	chrysler	41	456190.0
422	gmc	135	3203603.0
422	hyundai	63	680884.0
422	volvo	14	304709.0
422	dodge	108	2061518.0
422	mercedes-benz	57	825530.0
422	honda	108	1100907.0
422	audi	47	1009574.0
422	acura	26	518303.0
422	subaru	32	519389.0
422	ram	140	3573714.0
422	kia	74	746903.0
422	volkswagen	41	628166.0
422	saturn	10	18445.0
422	mitsubishi	17	196080.0
422	pontiac	23	267451.0
422	infiniti	24	338339.0
422	cadillac	57	761076.0
422	mini	11	221051.0
425	ram	11	388090.0
425	ford	15	429870.0
425	toyota	11	281290.0
425	chevrolet	14	352159.0
44	chrysler	38	326905.0
44	mercury	11	62291.0
44	honda	116	1344504.0
44	chevrolet	363	5779419.0
44	infiniti	25	525021.0
44	audi	49	1142175.0
44	volvo	17	233549.0
44	lincoln	13	322310.0
44	toyota	158	2115435.0
44	dodge	72	1375344.0
44	subaru	110	1229991.0
44	gmc	107	2246047.0
44	acura	26	525939.0
44	jeep	105	1637150.0
44	ram	67	1823931.0
44	nissan	96	1192302.0
44	ford	291	4421425.0
44	volkswagen	45	678832.0
44	pontiac	17	78019.0
44	kia	46	421470.0
44	hyundai	78	588357.0
44	mazda	51	522350.0
44	mercedes-benz	41	812200.0
44	cadillac	51	995949.0
44	bmw	58	1278540.0
44	buick	33	468813.0
44	lexus	44	794191.0
44	mitsubishi	19	317881.0
44	mini	14	295370.0
47	ford	437	11260133.0
47	subaru	69	768127.0
47	ram	77	2340773.0
47	chevrolet	307	6497047.0
47	volkswagen	58	759359.0
47	mercedes-benz	56	1245133.0
47	hyundai	91	776039.0
47	dodge	58	982220.0
47	toyota	153	2328832.0
47	cadillac	27	659781.0
47	acura	25	478785.0
47	lincoln	17	391136.0
47	chrysler	21	168234.0
47	mazda	23	283108.0
47	kia	73	692335.0
47	nissan	81	1042590.0
47	bmw	98	2340877.0
47	honda	105	1019586.0
47	volvo	32	505284.0
47	mitsubishi	29	517915.0
47	audi	61	1440795.0
47	gmc	87	2389949.0
47	jeep	81	1487325.0
47	mercury	11	46746.0
47	buick	20	261318.0
47	rover	20	607025.0
47	lexus	22	442581.0
47	jaguar	12	376390.0
47	infiniti	21	477051.0
5	toyota	17	277999.0
5	ford	21	301210.0
5	ram	15	190195.0
5	chevrolet	10	108785.0
5	jeep	19	195480.0
5	subaru	12	75701.0
50	ram	12	240835.0
50	chevrolet	19	375377.0
50	gmc	14	581933.0
50	ford	27	368704.0
53	chevrolet	338	6586702.0
53	subaru	56	626211.0
53	ram	101	2396708.0
53	toyota	255	3162545.0
53	lexus	75	1293835.0
53	ford	447	7544841.0
53	bmw	115	114990821.0
53	mercedes-benz	100	1473778.0
53	nissan	134	1403247.0
53	jeep	91	1212955.0
53	honda	211	1953995.0
53	kia	49	325952.0
53	buick	45	466695.0
53	acura	48	683227.0
53	mitsubishi	22	231011.0
53	volkswagen	75	1074824.0
53	gmc	105	2429467.0
53	jaguar	10	233140.0
53	dodge	64	795218.0
53	audi	53	1031810.0
53	cadillac	28	649006.0
53	mazda	47	503699.0
53	lincoln	27	347503.0
53	hyundai	72	615308.0
53	infiniti	26	421247.0
53	chrysler	43	355326.0
53	volvo	21	237837.0
53	mini	20	269898.0
53	porsche	10	172300.0
56	chevrolet	48	703629.0
56	ford	31	560287.0
56	honda	13	198021.0
56	bmw	16	510240.0
56	ram	14	288434.0
56	jeep	26	495880.0
56	buick	14	409068.0
56	nissan	15	58489.0
56	toyota	10	282370.0
59	chevrolet	115	1821547.0
59	jeep	46	773080.0
59	ford	169	2385942.0
59	hyundai	24	102213.0
59	bmw	51	760315.0
59	honda	66	524781.0
59	toyota	87	1107265.0
59	lexus	29	440018.0
59	nissan	34	358785.0
59	infiniti	14	336661.0
59	kia	27	185032.0
59	mazda	19	234339.0
59	ram	39	919427.0
59	mercedes-benz	51	594591.0
59	gmc	38	1033019.0
59	dodge	23	264399.0
59	audi	19	396367.0
59	volkswagen	24	259397.0
59	buick	12	195970.0
59	chrysler	11	79755.0
59	lincoln	19	305124.0
59	cadillac	10	324913.0
59	acura	15	347927.0
62	volkswagen	86	960276.0
62	subaru	78	922220.0
62	bmw	147	2622555.0
62	mercedes-benz	140	3060109.0
62	audi	95	1620283.0
62	honda	230	2033023.0
62	ford	391	5838288.0
62	buick	18	129360.0
62	nissan	169	1852025.0
62	toyota	209	2542723.0
62	jeep	149	2093088.0
62	cadillac	53	763126.0
62	chevrolet	193	2592794.0
62	dodge	79	963260.0
62	chrysler	42	375825.0
62	lexus	36	547892.0
62	mitsubishi	31	345073.0
62	mazda	53	500166.0
62	kia	36	365170.0
62	rover	38	969933.0
62	hyundai	95	1012771.0
62	gmc	62	909640.0
62	acura	50	631099.0
62	ram	73	1647581.0
62	lincoln	22	277426.0
62	porsche	11	344865.0
62	volvo	36	508718.0
62	jaguar	15	371996.0
62	infiniti	46	610340.0
62	mini	24	245519.0
62	pontiac	10	120339.0
62	fiat	10	137024.0
65	ford	339	7285716.0
65	chevrolet	274	5596252.0
65	mercedes-benz	167	4220815.0
65	volkswagen	109	1502401.0
65	jeep	72	1445456.0
65	gmc	86	2586345.0
65	kia	67	935478.0
65	toyota	243	4497490.0
65	mazda	37	574935.0
65	hyundai	119	1458545.0
65	buick	42	599979.0
65	infiniti	42	867727.0
65	bmw	187	4128235.0
65	ram	78	2374893.0
65	mini	33	508756.0
65	lexus	70	1515805.0
65	honda	120	1811246.0
65	dodge	106	1802812.0
65	nissan	170	2595989.0
65	audi	57	1789961.0
65	fiat	13	185839.0
65	chrysler	47	512709.0
65	cadillac	50	1072723.0
65	porsche	21	529304.0
65	mitsubishi	25	308419.0
65	rover	19	903300.0
65	subaru	26	583952.0
65	volvo	18	420458.0
65	pontiac	20	216205.0
65	lincoln	24	391037.0
65	jaguar	12	311728.0
65	acura	22	429640.0
65	saturn	12	58214.0
65	mercury	11	122908.0
68	ford	71	1855897.0
68	chevrolet	43	700352.0
68	jeep	15	344279.0
71	jeep	141	3307715.0
71	ford	413	7847201.0
71	ram	118	3638196.0
71	volkswagen	89	1385617.0
71	buick	44	514795.0
71	chevrolet	385	7190118.0
71	audi	56	1432475.0
71	gmc	93	2769547.0
71	honda	130	1571979.0
71	toyota	228	3483807.0
71	kia	60	694002.0
71	bmw	74	1667632.0
71	dodge	106	1606799.0
71	mini	29	415882.0
71	nissan	157	1827426.0
71	lexus	55	1501561.0
71	saturn	12	87365.0
71	mercedes-benz	72	1851905.0
71	mazda	69	608263.0
71	hyundai	87	1022395.0
71	volvo	20	415290.0
71	acura	39	675940.0
71	cadillac	43	1016451.0
71	mitsubishi	25	312457.0
71	infiniti	36	647025.0
71	pontiac	10	162134.0
71	subaru	70	692467.0
71	chrysler	49	735079.0
71	lincoln	24	596146.0
71	fiat	15	170274.0
71	rover	19	705426.0
74	nissan	76	919856.0
74	ram	44	1181637.0
74	ford	225	3662267.0
74	dodge	54	381362.0
74	chevrolet	207	27589802.0
74	bmw	16	465848.0
74	cadillac	19	320464.0
74	honda	16	214429.0
74	volkswagen	19	198174.0
74	jaguar	12	416445.0
74	hyundai	13	60469.0
74	jeep	46	562701.0
74	mercedes-benz	21	501395.0
74	gmc	57	1011517.0
74	kia	13	52190.0
74	rover	13	644430.0
74	toyota	34	636960.0
74	chrysler	17	97685.0
74	buick	18	159950.0
74	lincoln	10	96000.0
77	audi	11	449890.0
77	ford	21	487250.0
77	toyota	20	194980.0
77	chevrolet	16	442725.0
8	jeep	37	704728.0
8	ford	166	3861868.0
8	buick	14	157447.0
8	lexus	17	392731.0
8	subaru	18	160855.0
8	ram	58	2399639.0
8	chevrolet	108	2068917.0
8	toyota	44	788954.0
8	bmw	13	237592.0
8	dodge	24	358518.0
8	hyundai	14	132933.0
8	honda	27	267005.0
8	gmc	26	538633.0
8	nissan	28	460388.0
8	kia	14	101757.0
8	mercedes-benz	13	354403.0
8	cadillac	13	308258.0
8	acura	12	335650.0
80	mercedes-benz	143	3177024.0
80	ford	495	8060871.0
80	lexus	78	1600211.0
80	hyundai	89	762089.0
80	chevrolet	340	4814780.0
80	ram	88	1806132.0
80	buick	38	356044.0
80	nissan	188	1869130.0
80	kia	47	378557.0
80	gmc	106	1574762.0
80	acura	40	741129.0
80	toyota	279	3777036.0
80	jeep	122	2216420.0
80	dodge	112	1295619.0
80	volkswagen	46	652211.0
80	audi	61	1290487.0
80	mini	14	205718.0
80	cadillac	49	1069708.0
80	volvo	25	442038.0
80	bmw	128	2358126.0
80	infiniti	52	867410.0
80	honda	120	1253404.0
80	chrysler	42	425160.0
80	mazda	28	315540.0
80	subaru	26	490496.0
80	mitsubishi	17	163308.0
80	lincoln	24	295765.0
80	rover	23	596880.0
80	porsche	10	346542.0
86	audi	28	545644.0
86	toyota	95	1720428.0
86	ford	292	4482765.0
86	honda	80	903847.0
86	ram	70	1677885.0
86	chevrolet	241	3445993.0
86	nissan	127	1141338.0
86	kia	61	595168.0
86	bmw	65	1067770.0
86	volkswagen	37	432243.0
86	lincoln	17	242224.0
86	hyundai	80	679324.0
86	gmc	72	1733687.0
86	jeep	83	1087260.0
86	infiniti	20	322590.0
86	mercedes-benz	32	503617.0
86	subaru	12	149740.0
86	dodge	86	1047849.0
86	mitsubishi	28	346121.0
86	cadillac	39	792976.0
86	mazda	22	254537.0
86	volvo	19	434509.0
86	chrysler	35	717149.0
86	jaguar	16	411770.0
86	lexus	26	450309.0
86	acura	47	899512.0
86	mini	12	136045.0
86	buick	29	437202.0
86	rover	10	303345.0
86	pontiac	12	70235.0
89	nissan	48	640215.0
89	chevrolet	63	1191116.0
89	hyundai	17	194445.0
89	kia	24	305368.0
89	ram	31	683443.0
89	ford	117	2142575.0
89	toyota	58	944032.0
89	subaru	15	209014.0
89	honda	61	889701.0
89	volkswagen	11	128360.0
89	gmc	21	358967.0
89	jeep	37	788071.0
89	mercedes-benz	16	330604.0
89	dodge	18	413915.0
89	bmw	20	425455.0
89	acura	11	336305.0
92	bmw	22	228700.0
92	ford	42	834635.0
92	ram	19	430539.0
92	toyota	23	428756.0
92	chevrolet	30	612658.0
92	mercedes-benz	19	176740.0
95	ford	85	2772770.0
95	ram	34	1166494.0
95	chevrolet	36	4514822.0
95	gmc	11	278826.0
95	toyota	12	164898.0
98	ford	13	422935.0
