102	honda	157	1619950.0
102	nissan	194	3192468.0
102	audi	38	570637.0
102	gmc	112	2402055.0
102	subaru	237	2947264.0
102	toyota	260	3579522.0
102	mini	14	142668.0
102	chevrolet	233	4390950.0
102	ford	353	7569766.0
102	jeep	139	2323544.0
102	bmw	70	1271545.0
102	ram	66	2023507.0
102	cadillac	18	223009.0
102	hyundai	41	328870.0
102	mercedes-benz	41	708170.0
102	mazda	29	269838.0
102	volvo	55	681483.0
102	kia	40	345000.0
102	mitsubishi	18	350090.0
102	dodge	30	418579.0
102	volkswagen	60	792510.0
102	rover	18	312693.0
102	acura	18	234741.0
102	chrysler	17	174596.0
102	lexus	22	403774.0
102	infiniti	12	265157.0
102	buick	11	64677.0
105	chevrolet	134	2725735.0
105	ford	121	2740942.0
105	toyota	24	367833.0
105	honda	18	217952.0
105	ram	35	1037594.0
105	dodge	20	348218.0
105	nissan	29	339271.0
105	jeep	31	659617.0
105	hyundai	21	165155.0
105	kia	24	178560.0
105	gmc	29	701997.0
105	cadillac	10	223877.0
108	dodge	28	183835.0
108	chevrolet	88	1344614.0
108	gmc	21	257885.0
108	ford	132	3657559.0
108	toyota	35	243445.0
108	kia	10	119312.0
108	bmw	12	92100.0
108	ram	41	1475878.0
108	honda	13	47545.0
108	nissan	13	173692.0
108	jeep	16	297094.0
108	mercedes-benz	10	253456.0
111	ford	129	3881676.0
111	ram	84	2829729.0
111	honda	15	217280.0
111	chevrolet	125	5595946.0
111	toyota	38	968325.0
111	bmw	19	498766.0
111	dodge	31	711751.0
111	jeep	30	833437.0
111	gmc	31	927192.0
111	lincoln	12	272255.0
111	nissan	19	400148.0
111	mercedes-benz	19	476370.0
111	volkswagen	13	171640.0
114	ford	49	710543.0
114	dodge	15	93270.0
114	toyota	37	643054.0
114	honda	17	185720.0
114	lexus	20	475263.0
114	jeep	16	373530.0
114	ram	16	368837.0
114	chevrolet	38	557896.0
114	nissan	21	220822.0
114	volkswagen	11	154484.0
114	gmc	17	704008.0
114	chrysler	13	148534.0
117	subaru	107	1664505.0
117	ford	289	8243676.0
117	dodge	78	2029250.0
117	bmw	234	3499813.0
117	honda	129	1438539.0
117	jeep	203	6109556.0
117	volvo	18	92538.0
117	rover	35	910347.0
117	ram	244	9752695.0
117	toyota	202	5153865.0
117	gmc	83	3267514.0
117	volkswagen	49	574755.0
117	nissan	70	1255881.0
117	infiniti	20	246883.0
117	audi	48	780133.0
117	cadillac	28	1078263.0
117	mercedes-benz	27	586009.0
117	chevrolet	154	4066207.0
117	lexus	39	730861.0
117	tesla	10	107728.0
117	acura	34	368696.0
117	kia	23	371702.0
117	hyundai	40	564461.0
117	chrysler	14	222493.0
117	mazda	30	342723.0
12	nissan	172	1466572.0
12	jeep	73	1124812.0
12	gmc	92	2710775.0
12	ford	497	10668790.0
12	lincoln	25	389750.0
12	mercedes-benz	120	1497418.0
12	audi	43	867637.0
12	acura	64	519134.0
12	volkswagen	81	870953.0
12	dodge	134	2479389.0
12	bmw	152	2146827.0
12	subaru	27	440741.0
12	toyota	231	3252099.0
12	chevrolet	326	6831886.0
12	lexus	80	1505208.0
12	honda	156	1667691.0
12	kia	36	408193.0
12	ram	83	2236472.0
12	volvo	13	210018.0
12	chrysler	43	571008.0
12	mitsubishi	12	142074.0
12	hyundai	46	477359.0
12	cadillac	53	863364.0
12	buick	15	230554.0
12	infiniti	20	382137.0
12	mini	12	128750.0
12	mazda	22	216797.0
12	rover	21	411299.0
12	porsche	12	261504.0
12	jaguar	16	295333.0
120	ford	383	8144397.0
120	chevrolet	218	5808168.0
120	toyota	88	1541280.0
120	buick	30	553168.0
120	nissan	125	1916932.0
120	kia	36	519425.0
120	gmc	90	2430939.0
120	infiniti	35	748678.0
120	chrysler	34	530219.0
120	mercedes-benz	27	634196.0
120	cadillac	28	941837.0
120	honda	96	1329094.0
120	audi	23	818797.0
120	dodge	64	1018096.0
120	jaguar	13	380232.0
120	hyundai	45	641083.0
120	acura	26	637546.0
120	ram	46	1398342.0
120	bmw	34	717515.0
120	lexus	37	903708.0
120	jeep	43	940399.0
120	subaru	10	203003.0
120	mini	10	203159.0
120	volkswagen	15	237304.0
120	mitsubishi	29	575417.0
120	lincoln	12	205878.0
123	ford	107	1871273.0
123	mercedes-benz	15	422690.0
123	chevrolet	131	2297444.0
123	volkswagen	14	238775.0
123	cadillac	10	201664.0
123	jeep	48	970291.0
123	gmc	46	785155.0
123	dodge	31	348719.0
123	chrysler	15	189545.0
123	ram	29	624556.0
123	bmw	36	846785.0
123	acura	10	310300.0
123	nissan	18	323645.0
123	kia	21	284670.0
123	honda	14	197420.0
123	audi	17	551330.0
123	buick	22	335690.0
123	toyota	38	659249.0
123	hyundai	13	147335.0
126	mitsubishi	143	2389025.0
126	chevrolet	367	9658799.0
126	ford	578	16330271.0
126	hyundai	55	480274.0
126	jeep	196	3860909.0
126	ram	316	8387370.0
126	lexus	38	684163.0
126	honda	100	1038048.0
126	subaru	104	1621739.0
126	nissan	97	2088224.0
126	mazda	40	450474.0
126	cadillac	20	490549.0
126	gmc	194	7289408.0
126	toyota	229	4772334.0
126	buick	13	188613.0
126	mercedes-benz	22	341532.0
126	dodge	97	1254953.0
126	volkswagen	43	460189.0
126	chrysler	23	243428.0
126	kia	27	259964.0
126	audi	27	444688.0
126	bmw	22	320515.0
126	saturn	12	57190.0
126	acura	15	185398.0
129	chevrolet	217	3971507.0
129	gmc	66	1564732.0
129	honda	39	443032.0
129	volkswagen	26	483272.0
129	acura	11	353700.0
129	cadillac	25	705664.0
129	ford	188	3228490.0
129	buick	23	393507.0
129	infiniti	15	369806.0
129	toyota	49	782026.0
129	dodge	41	588752.0
129	bmw	27	759000.0
129	jeep	49	1112087.0
129	audi	24	796934.0
129	nissan	25	367838.0
129	lexus	16	400575.0
129	lincoln	14	391588.0
129	subaru	18	247363.0
129	ram	40	990650.0
129	kia	15	196945.0
129	chrysler	11	104990.0
129	hyundai	15	191412.0
132	chevrolet	54	931535.0
132	dodge	10	123400.0
132	ford	52	885069.0
132	ram	14	321808.0
132	bmw	24	456800.0
132	mercedes-benz	12	227400.0
132	gmc	13	199415.0
135	honda	49	527792.0
135	ford	366	9777921.0
135	dodge	67	1007205.0
135	gmc	108	3330331.0
135	lexus	15	282353.0
135	mazda	17	152637.0
135	jeep	87	1824023.0
135	infiniti	11	241558.0
135	ram	134	4409318.0
135	mercedes-benz	30	841559.0
135	chevrolet	249	5594916.0
135	volkswagen	19	157925.0
135	toyota	132	2840965.0
135	audi	17	334510.0
135	hyundai	25	274758.0
135	subaru	40	601697.0
135	pontiac	11	53586.0
135	nissan	72	1131422.0
135	chrysler	17	165141.0
135	bmw	17	242336.0
135	kia	26	360048.0
135	cadillac	20	312239.0
135	acura	16	231028.0
135	mitsubishi	19	173532.0
138	ford	85	1015719.0
138	dodge	32	311012.0
138	ram	32	956724.0
138	honda	55	284283.0
138	jeep	44	429765.0
138	cadillac	14	73526.0
138	chevrolet	98	1291899.0
138	subaru	14	37518.0
138	volkswagen	24	103628.0
138	nissan	43	204079.0
138	mercedes-benz	16	225700.0
138	kia	16	140009.0
138	buick	25	212151.0
138	audi	18	128717.0
138	bmw	36	615655.0
138	gmc	17	299989.0
138	toyota	43	324894.0
138	chrysler	21	124542.0
138	mitsubishi	10	102450.0
138	hyundai	14	118133.0
141	ford	127	2667201.0
141	toyota	60	678388.0
141	ram	50	1369097.0
141	jeep	25	441234.0
141	lexus	11	259410.0
141	dodge	18	413438.0
141	gmc	38	1199745.0
141	nissan	18	178026.0
141	chevrolet	79	1697627.0
141	honda	17	222798.0
141	mercedes-benz	15	502449.0
141	bmw	15	399139.0
141	subaru	12	175700.0
144	mazda	28	276379.0
144	chevrolet	365	6143320.0
144	toyota	155	2106360.0
144	ford	376	7377849.0
144	kia	56	764475.0
144	ram	79	2087606.0
144	porsche	21	605140.0
144	buick	33	473920.0
144	subaru	75	919332.0
144	jeep	97	1892799.0
144	audi	55	1141925.0
144	lexus	57	1042304.0
144	volkswagen	59	749035.0
144	honda	117	1229966.0
144	bmw	119	2547318.0
144	nissan	69	832195.0
144	mercedes-benz	57	982398.0
144	dodge	71	1064857.0
144	acura	23	662121.0
144	gmc	129	2762918.0
144	infiniti	31	580922.0
144	volvo	19	341692.0
144	hyundai	45	475024.0
144	chrysler	35	447698.0
144	mini	12	199360.0
144	jaguar	15	274188.0
144	lincoln	15	348204.0
144	cadillac	45	865995.0
144	rover	12	317860.0
144	mitsubishi	14	172445.0
144	pontiac	15	95556.0
147	ford	40	984181.0
147	chevrolet	63	1282452.0
147	bmw	18	552230.0
147	ram	24	705278.0
147	gmc	23	598271.0
147	honda	10	131776.0
147	jeep	10	271528.0
147	dodge	10	195351.0
15	honda	61	424367.0
15	chevrolet	145	2796133.0
15	ford	177	3345097.0
15	toyota	57	640962.0
15	jeep	39	482043.0
15	audi	15	431485.0
15	bmw	27	392462.0
15	hyundai	15	146445.0
15	volvo	11	51283.0
15	ram	30	685812.0
15	dodge	22	239038.0
15	gmc	26	328626.0
15	kia	25	237210.0
15	nissan	48	422366.0
15	mazda	25	256859.0
15	volkswagen	26	265929.0
15	subaru	10	80895.0
15	chrysler	12	133460.0
15	acura	23	449089.0
15	cadillac	10	140048.0
15	buick	11	139634.0
15	mercedes-benz	15	3025152111.0
15	lexus	11	153801.0
15	infiniti	10	142258.0
150	ram	68	2162627.0
150	ford	123	3369978.0
150	nissan	23	253436.0
150	gmc	44	1562563.0
150	kia	15	251107.0
150	chevrolet	80	1966026.0
150	jeep	42	826143.0
150	toyota	68	1720169.0
150	subaru	22	166340.0
150	dodge	22	535358.0
150	honda	15	136755.0
150	bmw	15	238355.0
150	hyundai	12	145287.0
150	audi	11	122375.0
153	ford	182	5237250.0
153	toyota	80	1861038.0
153	chevrolet	147	3326671.0
153	hyundai	23	301793.0
153	gmc	141	5546089.0
153	jeep	59	1771911.0
153	chrysler	22	279916.0
153	cadillac	29	806785.0
153	subaru	28	502088.0
153	nissan	43	645774.0
153	ram	80	2717816.0
153	dodge	32	480719.0
153	honda	33	422363.0
153	volkswagen	19	256852.0
153	buick	16	236517.0
153	kia	23	293853.0
153	bmw	20	405960.0
156	ford	23	467820.0
156	chevrolet	25	647829.0
156	toyota	10	277830.0
156	bmw	15	455850.0
159	ram	15	248529.0
159	acura	24	615374.0
159	nissan	21	285598.0
159	honda	24	217418.0
159	ford	86	1787736.0
159	bmw	37	559750.0
159	chevrolet	70	1546661.0
159	dodge	17	339009.0
159	toyota	25	469401.0
159	mercedes-benz	24	264152.0
159	jeep	16	326000.0
159	hyundai	12	109539.0
159	gmc	21	540589.0
159	lexus	17	297011.0
159	kia	10	95642.0
162	toyota	61	544504.0
162	dodge	83	524787.0
162	chevrolet	170	2255904.0
162	ford	140	1905662.0
162	lincoln	18	369410.0
162	ram	56	996607.0
162	jeep	91	765991.0
162	honda	36	323043.0
162	buick	22	306910.0
162	nissan	28	299553.0
162	bmw	36	1061790.0
162	chrysler	34	209236.0
162	gmc	44	1045022.0
162	hyundai	22	175380.0
162	infiniti	12	254495.0
162	cadillac	24	469834.0
162	mercedes-benz	11	161945.0
162	volkswagen	17	311379.0
162	kia	12	175835.0
162	mazda	10	149820.0
162	audi	15	382695.0
162	lexus	24	256891.0
165	nissan	111	990001.0
165	bmw	112	1857434.0
165	subaru	57	754128.0
165	buick	46	418123.0
165	ford	449	5675306.0
165	volkswagen	106	1176352.0
165	chevrolet	338	4575644.0
165	toyota	214	2387525.0
165	honda	170	1436921.0
165	chrysler	55	444383.0
165	dodge	118	1411058.0
165	mercedes-benz	92	1176688.0
165	audi	53	922205.0
165	hyundai	89	916766.0
165	mitsubishi	23	188374.0
165	ram	52	1025954.0
165	jeep	142	1954120.0
165	lincoln	25	343778.0
165	pontiac	35	308446.0
165	lexus	62	933899.0
165	cadillac	55	732996.0
165	volvo	35	455059.0
165	infiniti	35	480339.0
165	mazda	45	506185.0
165	gmc	76	952489.0
165	kia	47	502251.0
165	mini	20	320144.0
165	acura	44	692892.0
165	porsche	16	472278.0
165	mercury	14	70786.0
165	saturn	13	59153.0
168	bmw	17	169809.0
168	ford	89	1805209.0
168	chevrolet	48	924429.0
168	jeep	22	560591.0
168	kia	10	150154.0
168	toyota	24	284553.0
168	nissan	21	296366.0
168	acura	21	475949.0
168	ram	17	282843.0
168	mercedes-benz	28	177477.0
168	gmc	20	476902.0
171	cadillac	11	272393.0
171	nissan	39	370968.0
171	chevrolet	78	1316505.0
171	mazda	12	137935.0
171	ford	127	3149981.0
171	acura	13	289619.0
171	honda	38	324833.0
171	gmc	25	743175.0
171	mercedes-benz	41	410783.0
171	bmw	48	644510.0
171	infiniti	32	531570.0
171	lincoln	13	296169.0
171	ram	19	422639.0
171	toyota	48	727433.0
171	kia	13	179643.0
171	audi	18	485770.0
171	jeep	16	314436.0
171	dodge	12	138340.0
171	lexus	13	248127.0
174	ford	47	926859.0
174	chevrolet	55	1232698.0
174	toyota	49	1025305.0
174	bmw	21	562639.0
174	honda	12	174181.0
174	ram	20	597404.0
174	lexus	17	412187.0
174	lincoln	13	263330.0
174	dodge	19	280127.0
174	gmc	17	495410.0
174	jeep	16	513901.0
174	infiniti	11	339290.0
177	chevrolet	56	1389084.0
177	toyota	46	972522.0
177	jeep	41	1030784.0
177	ford	64	1529279.0
177	honda	25	406976.0
177	nissan	28	558484.0
177	bmw	50	946408.0
177	dodge	36	870247.0
177	infiniti	19	541220.0
177	audi	22	607403.0
177	gmc	15	510349.0
177	lexus	19	503225.0
177	ram	24	519087.0
177	kia	14	240083.0
177	cadillac	22	672501.0
177	mercedes-benz	36	424265.0
177	volkswagen	28	535198.0
177	hyundai	19	334341.0
177	acura	11	284789.0
18	gmc	50	1172844.0
18	mercedes-benz	49	918728.0
18	hyundai	51	460461.0
18	ram	83	2072997.0
18	chrysler	30	232928.0
18	ford	321	6570248.0
18	jeep	37	508599.0
18	chevrolet	177	2982657.0
18	nissan	77	573177.0
18	cadillac	28	718113.0
18	audi	19	497068.0
18	toyota	88	1325802.0
18	mazda	25	307308.0
18	infiniti	26	474677.0
18	bmw	46	1042252.0
18	lexus	21	362922.0
18	honda	58	448887.0
18	kia	38	362065.0
18	dodge	42	519886.0
18	lincoln	14	302653.0
18	volkswagen	13	162123.0
18	acura	15	301461.0
18	buick	20	161765.0
180	ram	103	2679970.0
180	chevrolet	315	6115002.0
180	ford	502	10398056.0
180	toyota	211	3654581.0
180	nissan	142	1800333.0
180	mercedes-benz	96	1941669.0
180	lincoln	29	352128.0
180	cadillac	71	1032682.0
180	dodge	117	1806262.0
180	bmw	151	2504559.0
180	hyundai	75	778137.0
180	mazda	54	652782.0
180	volkswagen	69	958168.0
180	jaguar	14	350573.0
180	pontiac	11	63690.0
180	tesla	10	406524.0
180	volvo	23	193711.0
180	fiat	21	211933.0
180	lexus	87	1856650.0
180	jeep	83	1451982.0
180	chrysler	40	587381.0
180	audi	45	931933.0
180	subaru	32	609579.0
180	gmc	80	2029520.0
180	mini	17	273653.0
180	honda	119	1372255.0
180	saturn	16	83730.0
180	infiniti	28	431431.0
180	kia	57	546756.0
180	rover	23	423783.0
180	porsche	10	308835.0
180	acura	42	675204.0
180	mercury	15	85690.0
180	mitsubishi	11	95639.0
180	buick	21	288089.0
183	toyota	22	475338.0
183	buick	21	458013.0
183	ford	74	1239614.0
183	gmc	41	1236026.0
183	chevrolet	71	1341882.0
183	jeep	21	498130.0
183	ram	23	578365.0
183	chrysler	13	209549.0
183	lincoln	10	224915.0
183	dodge	17	314195.0
183	honda	10	146220.0
186	mazda	11	143324.0
186	kia	19	287525.0
186	jeep	40	408000.0
186	nissan	50	639408.0
186	ford	118	1718696.0
186	toyota	37	447122.0
186	mercedes-benz	17	300567.0
186	chevrolet	113	1818642.0
186	chrysler	14	98292.0
186	hyundai	30	383724.0
186	buick	16	153315.0
186	bmw	32	845578.0
186	audi	11	227517.0
186	dodge	36	305942.0
186	subaru	16	287212.0
186	honda	22	242655.0
186	gmc	16	262554.0
189	acura	12	319099.0
189	toyota	14	353947.0
189	chevrolet	18	459760.0
189	volvo	12	361080.0
192	chevrolet	345	2721482.0
192	ford	526	6316464.0
192	bmw	71	486113.0
192	ram	135	2406498.0
192	chrysler	53	299138.0
192	audi	59	635926.0
192	jeep	130	1341846.0
192	mazda	56	270815.0
192	pontiac	10	36277.0
192	subaru	72	520977.0
192	kia	109	662872.0
192	toyota	205	1767983.0
192	hyundai	61	419283.0
192	dodge	99	659845.0
192	nissan	115	828855.0
192	honda	201	1267871.0
192	volkswagen	109	785516.0
192	gmc	124	887369.0
192	infiniti	15	190544.0
192	mercedes-benz	53	566323.0
192	lexus	28	229346.0
192	acura	35	229039.0
192	cadillac	28	153166.0
192	buick	18	56164.0
192	mitsubishi	10	88266.0
192	mini	22	147117.0
195	ford	119	2060172.0
195	honda	58	684366.0
195	bmw	18	426766.0
195	volkswagen	16	221156.0
195	subaru	15	180354.0
195	dodge	18	313492.0
195	cadillac	22	440991.0
195	jeep	37	656478.0
195	chevrolet	91	1476860.0
195	audi	18	525826.0
195	buick	20	345039.0
195	acura	13	353137.0
195	nissan	46	554778.0
195	hyundai	18	248973.0
195	lexus	21	332558.0
195	gmc	45	767973.0
195	infiniti	11	202325.0
195	kia	19	223161.0
195	mazda	14	197020.0
195	chrysler	13	131412.0
195	toyota	42	674504.0
195	ram	34	1045736.0
195	mercedes-benz	21	449895.0
195	volvo	10	227899.0
198	ford	115	2681329.0
198	jeep	25	551974.0
198	ram	71	2160050.0
198	chevrolet	91	1703707.0
198	honda	24	312651.0
198	gmc	42	836655.0
198	dodge	14	333299.0
198	toyota	26	537496.0
201	ram	17	471012.0
201	subaru	15	111308.0
201	jeep	11	267225.0
201	nissan	13	104875.0
201	toyota	39	977193.0
201	chevrolet	30	310839.0
201	ford	57	955741.0
201	dodge	12	87699.0
201	honda	10	91448.0
201	kia	11	83401.0
207	jeep	10	233775.0
207	chevrolet	19	472160.0
207	ford	17	481775.0
207	buick	16	467435.0
207	lexus	10	288900.0
21	chevrolet	54	1133173.0
21	subaru	47	406108.0
21	ford	49	861300.0
21	toyota	30	426852.0
21	jeep	11	260004.0
21	nissan	13	178910.0
21	honda	12	166540.0
21	dodge	10	147979.0
21	gmc	17	309545.0
21	volkswagen	10	117300.0
21	bmw	12	240670.0
21	audi	15	437230.0
210	ford	153	2763867.0
210	chevrolet	131	2267088.0
210	nissan	48	395748.0
210	acura	17	342245.0
210	dodge	36	595504.0
210	subaru	17	147610.0
210	lincoln	14	247853.0
210	audi	19	519035.0
210	toyota	59	977773.0
210	jeep	44	595449.0
210	ram	31	842743.0
210	mercedes-benz	19	262216.0
210	kia	15	175390.0
210	buick	19	192499.0
210	volkswagen	24	263293.0
210	mini	13	166525.0
210	honda	45	456343.0
210	bmw	42	878229.0
210	mazda	20	201540.0
210	hyundai	24	270043.0
210	gmc	28	618414.0
210	chrysler	17	149554.0
210	lexus	16	292715.0
210	infiniti	11	281100.0
210	volvo	24	378695.0
210	cadillac	13	228305.0
213	gmc	11	334690.0
213	ford	29	763590.0
213	chevrolet	28	526260.0
213	jeep	15	389228.0
213	lincoln	15	410050.0
213	toyota	10	208130.0
216	mercedes-benz	61	551947.0
216	bmw	58	1023912.0
216	ford	152	3143046.0
216	chevrolet	170	3660123.0
216	kia	24	357510.0
216	jeep	40	784228.0
216	nissan	48	722679.0
216	ram	29	722319.0
216	dodge	19	427353.0
216	infiniti	16	424719.0
216	gmc	76	2705663.0
216	toyota	47	1104730.0
216	buick	21	391754.0
216	volkswagen	21	404407.0
216	lincoln	22	511247.0
216	mini	10	110373.0
216	lexus	35	681212.0
216	audi	17	374175.0
216	hyundai	18	251089.0
216	cadillac	24	557567.0
216	honda	30	436462.0
216	chrysler	16	213850.0
216	acura	16	409577.0
219	buick	15	260375.0
219	ram	29	872598.0
219	chevrolet	170	3782840.0
219	mitsubishi	10	235165.0
219	ford	184	3119513.0
219	hyundai	20	302965.0
219	jeep	27	552705.0
219	kia	14	171760.0
219	gmc	56	1697006.0
219	cadillac	23	557043.0
219	mercedes-benz	17	326255.0
219	toyota	83	1330637.0
219	bmw	26	512455.0
219	dodge	53	930868.0
219	mini	11	146925.0
219	jaguar	19	527540.0
219	infiniti	11	332210.0
219	lexus	29	693029.0
219	lincoln	14	333435.0
219	acura	11	281995.0
219	nissan	33	528771.0
219	honda	28	398360.0
219	mazda	13	192940.0
219	chrysler	12	119755.0
219	volkswagen	23	413545.0
219	subaru	17	289735.0
219	audi	14	301525.0
222	ford	12	347299.0
222	chevrolet	36	844539.0
222	gmc	10	230150.0
225	ford	176	2430868.0
225	volvo	19	276675.0
225	infiniti	14	316705.0
225	cadillac	38	949865.0
225	subaru	49	533127.0
225	honda	64	685135.0
225	hyundai	41	435944.0
225	chrysler	27	154885.0
225	saturn	13	92373.0
225	chevrolet	105	1856021.0
225	volkswagen	44	499432.0
225	audi	32	907049.0
225	mazda	40	385168.0
225	buick	22	200937.0
225	toyota	66	951783.0
225	mercedes-benz	30	622414.0
225	dodge	44	469365.0
225	nissan	58	462119.0
225	ram	40	1069385.0
225	kia	33	264038.0
225	lexus	34	954388.0
225	gmc	48	1100586.0
225	lincoln	12	271760.0
225	jeep	41	554442.0
225	bmw	36	784025.0
225	acura	23	580875.0
225	pontiac	25	173285.0
228	acura	54	547586.0
228	chevrolet	253	3170516.0
228	ford	372	4244153.0
228	nissan	173	1254690.0
228	lexus	51	665416.0
228	toyota	197	2048068.0
228	cadillac	50	665484.0
228	ram	60	1159086.0
228	subaru	91	682330.0
228	dodge	74	565879.0
228	hyundai	90	550422.0
228	honda	214	1706948.0
228	lincoln	33	280005.0
228	bmw	126	1700681.0
228	mazda	39	278119.0
228	gmc	64	693380.0
228	pontiac	17	179463.0
228	jeep	102	1131918.0
228	infiniti	28	297619.0
228	audi	37	401600.0
228	mercedes-benz	97	1688010.0
228	volkswagen	67	553064.0
228	buick	34	317865.0
228	kia	53	217412.0
228	porsche	20	483990.0
228	mini	24	229955.0
228	rover	22	456715.0
228	mitsubishi	20	208815.0
228	chrysler	42	191363.0
228	mercury	21	81093.0
228	volvo	35	260623.0
231	nissan	184	1181589.0
231	mazda	37	293197.0
231	toyota	319	2536370.0
231	chevrolet	338	5174413.0
231	ford	529	7419999.0
231	honda	170	1391815.0
231	volkswagen	86	458798.0
231	bmw	102	1243303.0
231	gmc	65	1029395.0
231	kia	94	600290.0
231	jeep	103	1609149.0
231	dodge	94	779110.0
231	cadillac	29	440756.0
231	lexus	63	613688.0
231	subaru	23	288071.0
231	mercedes-benz	87	1577177.0
231	ram	102	2085051.0
231	lincoln	11	151700.0
231	chrysler	26	167364.0
231	porsche	13	480948.0
231	infiniti	22	134451.0
231	hyundai	114	665934.0
231	mini	15	109517.0
231	rover	16	409642.0
231	buick	15	84597.0
231	pontiac	10	98675.0
231	acura	35	376222.0
231	audi	36	347883.0
231	volvo	17	411302.0
231	mitsubishi	17	86479.0
234	chevrolet	40	879771.0
234	ram	34	753518.0
234	subaru	18	154395.0
234	kia	15	80475.0
234	gmc	11	417875.0
234	toyota	68	1069996.0
234	ford	59	1112400210.0
234	volkswagen	13	110990.0
234	honda	14	106465.0
234	nissan	19	154875.0
234	bmw	10	111191.0
234	jeep	13	137228.0
237	ford	63	641682.0
237	chevrolet	62	408185.0
237	nissan	16	153331.0
237	gmc	40	385737.0
237	dodge	24	182912.0
237	ram	26	452986.0
237	jeep	14	246767.0
237	toyota	10	128023.0
240	chevrolet	19	578550.0
240	ford	20	495470.0
240	acura	16	483840.0
240	jeep	12	291330.0
240	bmw	12	433390.0
240	toyota	10	239275.0
243	toyota	25	516080.0
243	acura	15	471450.0
243	chevrolet	49	1227339.0
243	ram	18	504538.0
243	ford	54	1087344.0
243	gmc	30	709858.0
243	nissan	18	310945.0
243	kia	10	157489.0
243	jeep	15	392605.0
246	toyota	13	207731.0
246	chevrolet	27	550241.0
246	acura	18	505041.0
246	honda	10	81272.0
246	ford	23	429390.0
246	gmc	18	385991.0
246	jeep	10	291218.0
246	bmw	11	270410.0
249	chevrolet	33	167738.0
249	ford	35	394479.0
249	toyota	44	790850.0
249	ram	18	112039.0
249	jeep	10	61700.0
249	nissan	13	85890.0
252	dodge	103	1518418.0
252	toyota	303	4171374.0
252	bmw	98	1848019.0
252	nissan	169	2009113.0
252	chevrolet	346	6821189.0
252	ford	450	8660551.0
252	volkswagen	95	1096313.0
252	mercedes-benz	72	1460897.0
252	volvo	19	317038.0
252	jeep	116	1900245.0
252	ram	114	3266695.0
252	honda	149	2044944.0
252	hyundai	99	1185188.0
252	audi	42	1153976.0
252	kia	77	929295.0
252	subaru	47	755681.0
252	rover	23	579666.0
252	chrysler	43	483940.0
252	fiat	21	285525.0
252	mitsubishi	16	209645.0
252	acura	28	421458.0
252	cadillac	56	1176233.0
252	mazda	46	596382.0
252	lexus	68	1127285.0
252	gmc	98	2381020.0
252	buick	43	527357.0
252	lincoln	27	328653.0
252	infiniti	24	429479.0
252	mini	29	408889.0
252	pontiac	10	55074.0
252	porsche	11	348047.0
252	saturn	13	64780.0
255	ford	16	156290.0
255	chevrolet	22	184520.0
255	toyota	19	310877.0
258	ford	445	7648629.0
258	acura	32	403406.0
258	hyundai	107	1027823.0
258	toyota	268	3509880.0
258	kia	86	923722.0
258	honda	232	2848287.0
258	volvo	21	500688.0
258	bmw	104	1543945.0
258	chevrolet	402	3016580701.0
258	dodge	135	1476815.0
258	cadillac	34	699936.0
258	infiniti	27	369403.0
258	audi	47	901241.0
258	mini	11	115144.0
258	gmc	88	1742633.0
258	lexus	65	1018624.0
258	mazda	38	422248.0
258	nissan	144	1501929.0
258	rover	11	233637.0
258	ram	95	2367923.0
258	mercedes-benz	127	2914105.0
258	volkswagen	84	861756.0
258	buick	15	202412.0
258	chrysler	40	353469.0
258	jeep	45	1112140890.0
258	lincoln	11	234636.0
258	subaru	49	608089.0
261	jeep	94	1434811.0
261	ram	44	1205254.0
261	chevrolet	259	3972073.0
261	dodge	45	803327.0
261	honda	61	627333.0
261	nissan	84	864146.0
261	infiniti	12	216613.0
261	toyota	105	1483045.0
261	chrysler	25	308581.0
261	mercedes-benz	33	1033917.0
261	ford	166	2708903.0
261	acura	13	182217.0
261	bmw	45	966579.0
261	buick	20	145354.0
261	gmc	61	1595115.0
261	kia	35	324442.0
261	volkswagen	13	241814.0
261	subaru	28	437589.0
261	hyundai	35	341323.0
261	lexus	13	322822.0
261	cadillac	17	330515.0
261	audi	17	524910.0
264	chevrolet	62	2183955.0
264	toyota	41	876297.0
264	ford	87	3672607.0
264	jeep	24	536748.0
264	nissan	12	124281.0
264	ram	31	1639478.0
264	gmc	18	426522.0
267	dodge	74	878216.0
267	gmc	62	1344343.0
267	bmw	147	2597864.0
267	ford	380	7400449.0
267	jeep	94	1936514.0
267	chevrolet	277	4818689.0
267	nissan	155	1422981.0
267	audi	51	1287084.0
267	ram	86	2237031.0
267	volkswagen	107	1063206.0
267	lexus	85	1274629.0
267	toyota	347	3968320.0
267	hyundai	79	787788.0
267	honda	183	1897638.0
267	mercedes-benz	157	3362808.0
267	fiat	11	160254.0
267	acura	34	625873.0
267	subaru	31	425457.0
267	mini	27	295157.0
267	kia	61	822492.0
267	porsche	41	1736023.0
267	volvo	27	599206.0
267	lincoln	18	408424.0
267	mitsubishi	19	226388.0
267	rover	23	979928.0
267	cadillac	20	455171.0
267	infiniti	39	669110.0
267	mazda	55	497315.0
267	chrysler	22	205259.0
267	buick	14	161898.0
267	tesla	10	363038.0
27	ford	334	5205350.0
27	subaru	138	1650217.0
27	jeep	164	3295860.0
27	nissan	106	1365797.0
27	chevrolet	208	3851047.0
27	bmw	66	1194589.0
27	toyota	220	2635403.0
27	ram	168	4536447.0
27	mercedes-benz	46	1128042.0
27	cadillac	24	629339.0
27	kia	65	604685.0
27	infiniti	30	597731.0
27	honda	107	1442493.0
27	dodge	46	682547.0
27	lexus	51	994554.0
27	audi	48	874960.0
27	volkswagen	56	657202.0
27	acura	36	598005.0
27	hyundai	50	753880.0
27	lincoln	12	286916.0
27	gmc	100	2407985.0
27	chrysler	21	863294.0
27	buick	25	457659.0
27	mazda	25	366852.0
27	mini	13	233985.0
27	rover	13	299888.0
27	volvo	22	271571.0
27	jaguar	11	373123.0
270	chevrolet	103	2105676.0
270	volkswagen	43	750817.0
270	nissan	50	888024.0
270	toyota	123	1988860.0
270	jeep	21	379833.0
270	ford	118	2047313.0
270	mercedes-benz	46	1261573.0
270	lexus	26	684278.0
270	volvo	36	1072759.0
270	porsche	15	580989.0
270	gmc	32	588771.0
270	bmw	59	1081936.0
270	mazda	20	307401.0
270	acura	27	587587.0
270	mini	19	386765.0
270	hyundai	18	239681.0
270	honda	62	945421.0
270	audi	22	504288.0
270	infiniti	11	162560.0
270	dodge	15	218993.0
270	cadillac	12	303109.0
270	subaru	19	303773.0
270	rover	11	451304.0
270	ram	16	427409.0
273	toyota	384	4462935.0
273	hyundai	94	943304.0
273	mazda	57	750494.0
273	chevrolet	221	3357678.0
273	ford	359	5125412.0
273	ram	81	1662854.0
273	cadillac	29	612041.0
273	subaru	53	838030.0
273	honda	170	1774884.0
273	mercedes-benz	123	1917861.0
273	chrysler	36	406684.0
273	nissan	180	1754637.0
273	bmw	162	2830828.0
273	volkswagen	130	1307138.0
273	dodge	78	1031128.0
273	rover	15	528117.0
273	gmc	55	871401.0
273	jeep	98	1599611.0
273	lexus	95	1447631.0
273	acura	41	636663.0
273	mitsubishi	25	260658.0
273	lincoln	14	255379.0
273	audi	66	1137808.0
273	infiniti	32	440414.0
273	tesla	18	507967.0
273	buick	12	87624.0
273	kia	67	716251.0
273	mini	35	450230.0
273	jaguar	17	260756.0
273	pontiac	13	82045.0
273	volvo	26	340327.0
273	porsche	14	502005.0
276	gmc	101	1949993.0
276	jeep	89	1720933.0
276	chevrolet	285	4680714.0
276	toyota	355	4488534.0
276	volkswagen	60	813979.0
276	honda	219	2140203.0
276	ford	333	5482786.0
276	bmw	140	2245778.0
276	kia	60	755579.0
276	nissan	169	2033213.0
276	subaru	76	945232.0
276	mitsubishi	18	247530.0
276	mercedes-benz	94	1593412.0
276	fiat	13	171175.0
276	audi	45	870197.0
276	mazda	40	523571.0
276	lexus	103	1213340.0
276	ram	118	3172703.0
276	cadillac	46	1130047.0
276	hyundai	94	1186421.0
276	dodge	76	943062.0
276	acura	42	701651.0
276	rover	16	391984.0
276	mini	14	205120.0
276	lincoln	16	374512.0
276	infiniti	41	505066.0
276	buick	18	285979.0
276	porsche	14	376813.0
276	jaguar	13	305705.0
276	chrysler	27	299684.0
276	pontiac	10	86968.0
276	volvo	12	256831.0
279	ram	121	3173481.0
279	toyota	200	4016509.0
279	chevrolet	333	6376716.0
279	ford	445	8203431.0
279	lexus	38	827555.0
279	mitsubishi	27	365144.0
279	jeep	59	1259953.0
279	volkswagen	58	739160.0
279	mercedes-benz	77	1383763.0
279	chrysler	34	477476.0
279	kia	69	1119709.0
279	mini	23	251936.0
279	mazda	37	483084.0
279	cadillac	40	888426.0
279	bmw	93	2032778.0
279	gmc	120	2551109.0
279	subaru	63	957377.0
279	hyundai	69	969549.0
279	acura	23	404976.0
279	volvo	13	276398.0
279	honda	90	1084584.0
279	dodge	68	1062950.0
279	nissan	103	1346511.0
279	audi	42	909176.0
279	lincoln	16	359534.0
279	porsche	16	341541.0
279	infiniti	26	512350.0
279	buick	24	391208.0
282	ford	15	89825.0
282	chevrolet	11	137441.0
282	toyota	14	107730.0
285	toyota	78	1348238.0
285	ford	83	883447.0
285	chevrolet	104	1870233.0
285	nissan	25	382644.0
285	gmc	22	324692.0
285	volkswagen	17	116773.0
285	honda	21	272078.0
285	ram	14	381238.0
285	kia	10	135387.0
285	chrysler	18	163624.0
285	cadillac	16	295879.0
285	jeep	23	374443.0
285	bmw	15	297977.0
285	audi	11	167085.0
285	dodge	16	227863.0
288	chevrolet	363	7865468.0
288	honda	58	584374.0
288	hyundai	28	285471.0
288	ford	341	6408074.0
288	kia	34	461508.0
288	jeep	78	1500852.0
288	dodge	66	1423792.0
288	ram	78	2095906.0
288	volkswagen	20	217302.0
288	nissan	89	1113356.0
288	toyota	70	1180264.0
288	lexus	41	746059.0
288	buick	31	321030.0
288	audi	30	719557.0
288	gmc	90	2035419.0
288	mercedes-benz	28	918045.0
288	bmw	24	581166.0
288	mazda	18	226111.0
288	cadillac	24	412462.0
288	mitsubishi	10	222522.0
288	chrysler	26	255283.0
288	pontiac	11	84298.0
288	infiniti	16	148255.0
291	jeep	40	864279.0
291	mazda	14	169915.0
291	ram	54	1096144.0
291	ford	229	3776536.0
291	bmw	26	459226.0
291	dodge	40	698501.0
291	acura	27	761705.0
291	toyota	46	696185.0
291	chevrolet	131	125284941.0
291	gmc	55	1037621.0
291	nissan	40	456904.0
291	buick	20	279508.0
291	mercedes-benz	24	538090.0
291	hyundai	12	141952.0
291	audi	11	273623.0
291	pontiac	19	144591.0
291	lexus	12	282055.0
291	volkswagen	28	408826.0
291	lincoln	28	1734308.0
291	cadillac	91	417443.0
291	honda	32	390697.0
291	chrysler	23	181919.0
294	bmw	23	626437.0
294	jeep	29	706084.0
294	ram	35	1102017.0
294	chevrolet	106	2739243.0
294	honda	16	224118.0
294	gmc	37	1314792.0
294	toyota	30	654886.0
294	acura	25	807892.0
294	ford	97	1922137.0
294	buick	16	176328.0
294	audi	14	465005.0
294	cadillac	14	340569.0
294	dodge	15	347127.0
294	volkswagen	11	195312.0
297	ford	23	582720.0
297	chevrolet	21	618239.0
297	bmw	16	469845.0
3	honda	145	1896373.0
3	bmw	176	4027246.0
3	nissan	112	1282027.0
3	gmc	89	1854769.0
3	ram	64	1534459.0
3	volkswagen	54	807992.0
3	chevrolet	267	5183014.0
3	infiniti	36	758018.0
3	ford	517	10950380.0
3	toyota	179	3251753.0
3	audi	64	1534026.0
3	jeep	61	1028631.0
3	hyundai	72	700341.0
3	dodge	122	2188899.0
3	buick	35	417872.0
3	chrysler	70	856538.0
3	kia	45	556574.0
3	porsche	14	478892.0
3	mercedes-benz	129	2420611.0
3	volvo	20	263475.0
3	cadillac	134	2275502.0
3	acura	25	485553.0
3	lincoln	59	942010.0
3	lexus	124	2387480.0
3	rover	42	1489275.0
3	subaru	59	1069785.0
3	pontiac	18	146546.0
3	mazda	31	427390.0
3	mitsubishi	12	218180.0
3	mini	11	194431.0
30	chevrolet	98	1815181.0
30	ram	35	964290.0
30	acura	18	374753.0
30	toyota	110	1830212.0
30	mercedes-benz	37	339087.0
30	ford	115	2034044.0
30	lexus	45	915678.0
30	nissan	67	963385.0
30	chrysler	11	140235.0
30	honda	61	622773.0
30	jeep	22	393055.0
30	dodge	22	181516.0
30	bmw	39	470832.0
30	volkswagen	11	148028.0
30	gmc	28	825413.0
30	audi	11	294830.0
30	kia	18	181636.0
30	hyundai	11	138561.0
300	mercedes-benz	116	2478365.0
300	ford	357	6778821.0
300	chevrolet	284	4506021.0
300	dodge	73	1112634.0
300	bmw	125	2314350.0
300	mercury	10	43400.0
300	hyundai	88	977152.0
300	volkswagen	67	934680.0
300	cadillac	45	858798.0
300	gmc	76	1831853.0
300	subaru	60	760135.0
300	mazda	44	530505.0
300	honda	247	2437876.0
300	nissan	199	2176186.0
300	toyota	227	2747267.0
300	tesla	10	426440.0
300	kia	45	656439.0
300	audi	76	1834568.0
300	ram	53	1515288.0
300	lexus	73	1389007.0
300	buick	31	501228.0
300	mini	29	425743.0
300	jeep	104	1570115.0
300	lincoln	29	439917.0
300	infiniti	44	814759.0
300	jaguar	20	461787.0
300	acura	69	974179.0
300	chrysler	26	180374.0
300	rover	19	537617.0
300	volvo	40	585374.0
300	pontiac	14	137482.0
300	mitsubishi	22	375158.0
303	jeep	21	439085.0
303	ram	14	456980.0
303	toyota	14	226945.0
303	chevrolet	31	576779.0
303	ford	43	642835.0
303	bmw	14	335590.0
303	honda	10	128645.0
303	gmc	10	217940.0
303	dodge	15	121386.0
306	audi	15	387765.0
306	ford	96	1742345.0
306	chevrolet	77	1718888.0
306	hyundai	19	203653.0
306	infiniti	12	207915.0
306	buick	14	281118.0
306	lexus	13	311398.0
306	subaru	25	268260.0
306	mercedes-benz	24	494992.0
306	nissan	42	443129.0
306	volkswagen	15	220910.0
306	toyota	65	938099.0
306	gmc	25	315955.0
306	honda	41	420340.0
306	jeep	21	330900.0
306	bmw	20	346286.0
306	volvo	11	68321.0
309	ford	35	731545.0
309	bmw	14	386465.0
309	lincoln	13	325475.0
309	chevrolet	20	533420.0
309	jeep	11	278500.0
312	ford	34	860150.0
312	toyota	14	281764.0
312	chevrolet	14	367120.0
315	chevrolet	24	183032.0
315	ford	10	113389.0
318	toyota	31	357223.0
318	chevrolet	54	1045751.0
318	ford	39	259864.0
321	ford	47	627190.0
321	chevrolet	29	471495.0
321	gmc	11	146800.0
324	chevrolet	22	502849.0
324	ram	13	427090.0
324	ford	16	391385.0
324	infiniti	10	299210.0
324	bmw	12	306690.0
327	ford	110	1325250.0
327	chevrolet	71	776841.0
327	toyota	22	116655.0
327	gmc	42	345858.0
327	ram	26	285865.0
327	honda	13	61775.0
327	dodge	14	73795.0
33	toyota	34	359333.0
33	ford	160	3410869.0
33	chevrolet	90	1218855.0
33	honda	28	196258.0
33	dodge	24	327543.0
33	subaru	12	187415.0
33	jeep	27	442625.0
33	nissan	22	262629.0
33	volkswagen	18	156983.0
33	hyundai	13	107350.0
33	gmc	14	209966.0
33	cadillac	10	201967.0
33	ram	12	199190.0
33	kia	12	116634.0
330	bmw	12	306690.0
330	ram	14	414839.0
330	ford	41	980979.0
330	chevrolet	26	531933.0
330	jeep	12	1531937.0
333	chevrolet	21	429895.0
333	ford	32	809721.0
333	toyota	13	275015.0
336	hyundai	14	164630.0
336	acura	15	355185.0
336	nissan	30	403128.0
336	toyota	55	960122.0
336	chevrolet	73	1482006.0
336	gmc	10	199550.0
336	ford	90	1290850.0
336	honda	24	222505.0
336	volkswagen	26	329174.0
336	bmw	27	671700.0
336	mercedes-benz	24	619194.0
336	subaru	22	208607.0
336	ram	12	248245.0
336	mazda	11	145158.0
336	volvo	13	240516.0
336	jeep	24	419364.0
336	audi	15	487255.0
336	lincoln	11	180540.0
339	ford	219	4126174.0
339	honda	31	317484.0
339	nissan	33	477989.0
339	chevrolet	206	3740086.0
339	jeep	51	1057443.0
339	gmc	51	1071493.0
339	subaru	15	219177.0
339	volkswagen	16	212456.0
339	dodge	31	482209.0
339	ram	33	807464.0
339	bmw	25	539871.0
339	kia	21	234725.0
339	chrysler	17	219144.0
339	mercedes-benz	11	206450.0
339	cadillac	20	327444.0
339	toyota	38	706462.0
339	buick	37	689051.0
339	hyundai	17	213258.0
339	pontiac	10	146630.0
342	ford	70	928685.0
342	chevrolet	49	688135.0
342	dodge	15	100510.0
342	jeep	11	202025.0
342	chrysler	11	84950.0
342	buick	10	134035.0
342	pontiac	11	78245.0
342	gmc	15	156125.0
345	toyota	89	2131505.0
345	ram	119	3980142.0
345	jeep	71	1548684.0
345	lexus	21	397126.0
345	ford	197	5743860.0
345	mazda	10	121203.0
345	chevrolet	129	3129950.0
345	honda	20	382009.0
345	nissan	23	341343.0
345	gmc	62	2110207.0
345	volkswagen	15	254194.0
345	cadillac	13	452386.0
345	subaru	34	453251.0
345	dodge	29	636083.0
348	lincoln	22	389675.0
348	gmc	21	260299.0
348	jeep	31	398910.0
348	ram	22	430034.0
348	chevrolet	92	1234550.0
348	chrysler	21	169404.0
348	ford	142	1447800.0
348	buick	23	200603.0
348	pontiac	17	74723.0
348	nissan	18	178397.0
348	honda	16	181559.0
348	cadillac	13	238570.0
348	dodge	28	333558.0
348	toyota	27	517862.0
348	mazda	12	166490.0
351	gmc	92	1432322.0
351	jeep	68	902991.0
351	buick	36	347031.0
351	ford	321	4517461.0
351	chevrolet	246	3222793.0
351	lincoln	27	356503.0
351	nissan	44	429941.0
351	toyota	44	640883.0
351	bmw	20	406162.0
351	ram	63	1404521.0
351	infiniti	10	219206.0
351	cadillac	42	581110.0
351	mercury	11	52607.0
351	mazda	10	130795.0
351	acura	15	286052.0
351	dodge	50	592511.0
351	volkswagen	20	201179.0
351	audi	18	460314.0
351	honda	25	252358.0
351	lexus	17	399613.0
351	saturn	16	71540.0
351	chrysler	36	237687.0
351	pontiac	27	113567.0
351	hyundai	13	148882.0
351	kia	14	204179.0
354	chrysler	19	203115.0
354	chevrolet	132	1375014.0
354	cadillac	14	239554.0
354	ford	147	1536349.0
354	buick	20	200992.0
354	honda	26	219302.0
354	dodge	40	400217.0
354	kia	19	196531.0
354	lincoln	13	150451.0
354	pontiac	12	84370.0
354	toyota	18	247161.0
354	ram	16	295310.0
354	jeep	27	600565.0
354	gmc	19	295392.0
354	bmw	11	358900.0
354	nissan	14	147477.0
354	saturn	12	65160.0
354	lexus	10	320900.0
357	ram	189	5879136.0
357	toyota	142	3322950.0
357	ford	345	8549760.0
357	chevrolet	256	5042847.0
357	nissan	37	537624.0
357	lexus	14	313686.0
357	volvo	11	252390.0
357	buick	39	551290.0
357	honda	32	513703.0
357	audi	18	467973.0
357	jeep	130	2733073.0
357	subaru	58	918733.0
357	dodge	45	1240440.0
357	chrysler	25	535699.0
357	volkswagen	16	267369.0
357	cadillac	25	960521.0
357	gmc	101	2352327.0
357	mercedes-benz	17	789450.0
357	kia	10	144804.0
357	hyundai	23	270309.0
357	mazda	11	122790.0
357	bmw	13	450635.0
36	chevrolet	29	739639.0
36	honda	14	156205.0
36	bmw	16	462345.0
36	ford	33	609274.0
36	toyota	14	308809.0
360	ram	19	302954.0
360	nissan	15	137841.0
360	toyota	23	186626.0
360	ford	57	742758.0
360	kia	14	94708.0
360	chevrolet	69	675497.0
360	dodge	12	75229.0
360	gmc	14	60686.0
360	jeep	17	201849.0
363	ford	40	635178.0
363	chevrolet	54	934864.0
363	bmw	16	463150.0
363	jeep	10	171870.0
369	nissan	13	142253.0
369	ford	14	111375.0
369	chevrolet	18	256180.0
369	toyota	14	143097.0
372	chevrolet	496	8535855.0
372	ram	106	2808046.0
372	audi	53	1123426.0
372	nissan	70	1043721.0
372	bmw	79	1619551.0
372	ford	667	13847187.0
372	gmc	180	4109736.0
372	dodge	136	1883694.0
372	hyundai	32	398610.0
372	jeep	192	3440921.0
372	acura	26	475300.0
372	chrysler	51	457299.0
372	cadillac	58	1136055.0
372	pontiac	32	213372.0
372	mazda	22	313721.0
372	honda	86	1117306.0
372	infiniti	17	355115.0
372	mini	10	177042.0
372	saturn	15	64260.0
372	lincoln	32	876485.0
372	subaru	83	1249074.0
372	kia	71	1150322.0
372	volkswagen	38	546101.0
372	lexus	52	1189203.0
372	toyota	101	1684499.0
372	rover	16	439320.0
372	mercedes-benz	36	736056.0
372	jaguar	14	388460.0
372	buick	38	409036.0
372	mitsubishi	11	243115.0
372	volvo	19	218554.0
372	porsche	17	499091.0
375	chevrolet	248	6901413.0
375	ford	169	3561069.0
375	ram	46	1709419.0
375	toyota	82	1693994.0
375	bmw	39	1261153.0
375	honda	34	546640.0
375	gmc	73	2244792.0
375	buick	18	335307.0
375	dodge	53	1122551.0
375	cadillac	37	1081825.0
375	infiniti	28	813005.0
375	hyundai	19	216620.0
375	mercedes-benz	29	1035194.0
375	nissan	33	563606.0
375	jeep	50	1317161.0
375	mazda	14	316463.0
375	kia	19	321328.0
375	subaru	11	181725.0
375	audi	36	1281852.0
375	lincoln	21	624511.0
375	volkswagen	23	336158.0
375	acura	19	508278.0
375	chrysler	21	364576.0
375	mitsubishi	25	491562.0
375	jaguar	19	715899.0
375	lexus	30	825367.0
378	dodge	21	311540.0
378	gmc	29	464111.0
378	cadillac	13	228277.0
378	chevrolet	94	1575994.0
378	chrysler	17	220490.0
378	buick	11	132730.0
378	lexus	16	473240.0
378	jeep	24	536993.0
378	ram	18	402964.0
378	honda	11	198124.0
378	ford	106	1802206.0
378	toyota	11	293800.0
381	ford	186	2464878.0
381	nissan	13	151645.0
381	chevrolet	159	2026548.0
381	infiniti	11	202335.0
381	volkswagen	16	246100.0
381	gmc	58	812805.0
381	mercedes-benz	18	658960.0
381	saturn	19	80095.0
381	toyota	21	492569.0
381	dodge	27	306680.0
381	jeep	37	851955.0
381	buick	27	236620.0
381	lincoln	19	296085.0
381	bmw	20	523001.0
381	acura	15	455960.0
381	chrysler	20	151315.0
381	cadillac	32	429045.0
381	audi	13	368670.0
381	ram	39	835220.0
381	pontiac	23	105330.0
381	honda	14	226580.0
384	chevrolet	443	4900775.0
384	ram	91	1810649.0
384	ford	581	6966180.0
384	dodge	158	1796382.0
384	pontiac	55	369043.0
384	bmw	92	1231529.0
384	nissan	86	711130.0
384	chrysler	99	608443.0
384	jeep	170	1783618.0
384	mazda	25	361580.0
384	lincoln	59	869309.0
384	toyota	79	1084936.0
384	gmc	158	2226049.0
384	volkswagen	51	872846.0
384	audi	40	850768.0
384	mercedes-benz	74	930491.0
384	cadillac	124	1080147.0
384	infiniti	22	257937.0
384	acura	19	339569.0
384	buick	74	660964.0
384	mini	11	192425.0
384	honda	81	814526.0
384	lexus	37	536737.0
384	hyundai	41	401909.0
384	subaru	31	537934.0
384	kia	36	329152.0
384	mercury	19	85062.0
384	mitsubishi	20	170792.0
384	saturn	25	124146.0
384	porsche	11	265884.0
387	dodge	19	282245.0
387	chevrolet	87	1247219.0
387	gmc	29	452568.0
387	ford	97	1642245.0
387	volkswagen	11	143590.0
387	cadillac	10	189042.0
387	lincoln	10	197029.0
387	honda	13	186599.0
387	jeep	25	374669.0
387	lexus	19	511170.0
387	ram	17	300928.0
387	toyota	14	277090.0
387	chrysler	22	273833.0
39	infiniti	16	298608.0
39	ford	120	1941428.0
39	lexus	17	328746.0
39	toyota	77	1091044.0
39	mercedes-benz	48	370764.0
39	bmw	36	382421.0
39	ram	41	961050.0
39	chevrolet	170	2872315.0
39	dodge	30	559584.0
39	hyundai	10	150043.0
39	honda	42	434764.0
39	jeep	34	641702.0
39	gmc	49	1135110.0
39	buick	13	276307.0
39	acura	14	390036.0
39	kia	15	152254.0
39	volkswagen	10	126335.0
39	mazda	11	141895.0
39	nissan	41	490443.0
39	audi	15	442879.0
390	honda	22	204561.0
390	dodge	18	329406.0
390	toyota	24	445015.0
390	lincoln	10	235530.0
390	ford	56	10784411.0
390	chevrolet	58	826764.0
390	jeep	10	202125.0
390	buick	12	290432.0
390	volkswagen	10	102950.0
393	chevrolet	22	604067.0
393	ford	25	574140.0
396	volkswagen	55	511367.0
396	honda	185	1555273.0
396	infiniti	58	699463.0
396	ram	85	2073776.0
396	cadillac	50	815469.0
396	chrysler	48	448311.0
396	chevrolet	387	5580342.0
396	ford	474	7362026.0
396	mazda	28	230406.0
396	bmw	101	1482730.0
396	porsche	10	274992.0
396	subaru	42	377321.0
396	mercedes-benz	77	1286217.0
396	buick	53	537230.0
396	toyota	206	1936634.0
396	nissan	96	1157612.0
396	jeep	94	1628873.0
396	mitsubishi	23	191864.0
396	mercury	10	65284.0
396	lexus	38	679490.0
396	lincoln	48	535139.0
396	dodge	108	1215278.0
396	audi	38	784020.0
396	hyundai	61	588006.0
396	acura	44	525595.0
396	kia	107	776028.0
396	saturn	46	221845.0
396	jaguar	10	219650.0
396	gmc	84	1542503.0
396	volvo	15	157923.0
396	pontiac	39	225567.0
399	gmc	23	446835.0
399	ford	55	967824.0
399	chevrolet	39	682220.0
399	jeep	13	201605.0
402	gmc	10	123712709.0
402	ford	37	980820.0
402	chevrolet	21	512764.0
402	jeep	14	275630.0
402	ram	14	330423.0
402	toyota	18	432580.0
405	ford	69	1725732.0
405	toyota	42	1008410.0
405	chevrolet	69	1567723.0
405	jeep	47	1009216.0
405	cadillac	11	239449.0
405	audi	14	455590.0
405	honda	24	308828.0
405	lincoln	11	241240.0
405	bmw	51	1494575.0
405	kia	10	102355.0
405	ram	24	648565.0
405	gmc	30	855413.0
405	dodge	18	370570.0
405	nissan	18	250944.0
405	subaru	38	402229.0
405	volkswagen	17	261265.0
405	acura	15	391385.0
408	dodge	73	717642.0
408	ford	317	4591411.0
408	mazda	17	170342.0
408	jeep	73	1048935.0
408	gmc	71	1030333.0
408	mercedes-benz	19	442338.0
408	chevrolet	258	2933129.0
408	toyota	46	577783.0
408	kia	25	215279.0
408	honda	61	734627.0
408	acura	18	413738.0
408	buick	21	208052.0
408	nissan	39	358271.0
408	ram	72	1658772.0
408	pontiac	13	67775.0
408	audi	15	262422.0
408	hyundai	29	272571.0
408	chrysler	30	261360.0
408	jaguar	13	447470.0
408	lincoln	17	337037.0
408	volkswagen	17	218479.0
408	bmw	15	361460.0
408	cadillac	27	367873.0
408	subaru	15	173487.0
408	lexus	14	238372.0
414	chevrolet	30	681682.0
414	ford	31	591308.0
414	buick	13	440880.0
414	bmw	11	346914.0
414	acura	11	353880.0
414	jeep	23	187954.0
417	gmc	15	266420.0
417	ford	30	623873.0
417	ram	15	209666.0
417	chevrolet	36	483523.0
417	toyota	17	416710.0
42	ford	16	311275.0
42	chevrolet	16	214890.0
420	ford	20	444470.0
420	chevrolet	15	536450.0
420	bmw	12	349880.0
48	toyota	241	2832103.0
48	hyundai	82	1163904.0
48	ford	245	3916115.0
48	nissan	177	2244578.0
48	honda	217	1946576.0
48	chevrolet	182	3558667.0
48	lexus	63	1135705.0
48	jeep	112	1678617.0
48	bmw	211	3834587.0
48	gmc	49	786851.0
48	kia	41	623594.0
48	mercedes-benz	172	3295370.0
48	ram	36	800025.0
48	infiniti	70	1131319.0
48	mazda	46	638384.0
48	cadillac	47	985140.0
48	dodge	75	964013.0
48	rover	28	762264.0
48	volkswagen	91	1346934.0
48	chrysler	36	368863.0
48	volvo	32	391657.0
48	audi	92	1747059.0
48	mini	31	490867.0
48	fiat	13	192975.0
48	porsche	17	1162732.0
48	buick	29	418691.0
48	lincoln	19	341778.0
48	acura	50	841963.0
48	jaguar	16	362099.0
48	mitsubishi	26	446752.0
48	subaru	73	938835.0
51	chevrolet	314	5310641.0
51	subaru	57	746305.0
51	nissan	67	739096.0
51	rover	10	524420.0
51	bmw	132	4165161.0
51	acura	22	543598.0
51	toyota	111	1717822.0
51	ford	288	5391846.0
51	mitsubishi	25	387202.0
51	mercedes-benz	31	723525.0
51	audi	39	1223257.0
51	gmc	77	1766242.0
51	hyundai	72	924267.0
51	dodge	59	1235421.0
51	chrysler	35	376226.0
51	ram	50	1551045.0
51	jeep	66	1194467.0
51	cadillac	42	906179.0
51	volvo	12	244750.0
51	honda	71	973352.0
51	lexus	39	850032.0
51	mazda	33	612478.0
51	jaguar	11	228569.0
51	volkswagen	46	682289.0
51	lincoln	26	462253.0
51	buick	35	471122.0
51	infiniti	21	503624.0
51	kia	33	371695.0
51	mini	22	504632.0
51	pontiac	30	168669.0
51	saturn	13	97063.0
54	chevrolet	54	886589.0
54	nissan	12	164865.0
54	ford	73	1517559.0
54	ram	17	526575.0
54	jeep	23	331835.0
54	honda	15	105055.0
54	subaru	11	64129.0
54	hyundai	18	70690.0
54	gmc	16	397538.0
54	toyota	25	395605.0
57	chevrolet	47	952348.0
57	honda	23	328912.0
57	infiniti	10	189739.0
57	acura	12	350290.0
57	ford	67	1403623.0
57	gmc	12	246841.0
57	jeep	12	219790.0
57	mercedes-benz	14	577930.0
57	nissan	10	73493.0
57	toyota	28	471316.0
57	ram	11	195720.0
57	dodge	15	513282.0
57	kia	10	144039.0
6	chevrolet	19	277750.0
6	toyota	18	275585.0
6	jeep	17	258667.0
6	ford	32	275661.0
60	chevrolet	18	389582.0
60	ford	29	527771.0
63	honda	223	2187676.0
63	audi	75	1764451.0
63	volkswagen	85	1009882.0
63	mazda	52	537126.0
63	mercedes-benz	153	3355054.0
63	ford	349	6655589.0
63	gmc	71	1543379.0
63	toyota	215	2812531.0
63	chevrolet	257	4332800.0
63	bmw	133	2271726.0
63	ram	62	1703454.0
63	subaru	80	1098239.0
63	nissan	202	2775059.0
63	lexus	53	1112219.0
63	jeep	125	1845074.0
63	kia	63	745847.0
63	infiniti	53	980697.0
63	hyundai	96	913708.0
63	lincoln	33	860690.0
63	dodge	70	1007120.0
63	chrysler	34	248522.0
63	rover	41	1099792.0
63	porsche	10	253550.0
63	cadillac	36	704396.0
63	acura	47	517241.0
63	mitsubishi	30	484649.0
63	volvo	29	764970.0
63	tesla	11	439030.0
63	mercury	11	37588.0
63	mini	17	223624.0
63	buick	21	175378.0
63	pontiac	10	131994.0
63	jaguar	10	216553.0
66	chevrolet	14	264280.0
69	bmw	15	455850.0
69	chevrolet	23	609829.0
69	ford	16	424370.0
72	chevrolet	63	1137895.0
72	ford	60	1114309.0
72	honda	22	229608.0
72	ram	23	695450.0
72	subaru	17	189452.0
72	nissan	28	311259.0
72	buick	14	288715.0
72	lexus	12	342680.0
72	toyota	38	637929.0
72	jeep	36	708840.0
72	lincoln	11	289760.0
72	acura	10	266570.0
72	gmc	19	461110.0
75	hyundai	21	180200.0
75	audi	14	555030.0
75	ford	108	2775985.0
75	ram	53	1611356.0
75	bmw	30	746163.0
75	toyota	51	942173.0
75	jeep	28	766382.0
75	acura	14	370955.0
75	gmc	19	581268.0
75	nissan	43	684705.0
75	buick	12	224760.0
75	chevrolet	88	5820457.0
75	mercedes-benz	20	386670.0
75	mitsubishi	12	157050.0
75	honda	23	257794.0
75	lexus	18	355440.0
75	volkswagen	12	168590.0
75	dodge	13	200588.0
78	chevrolet	70	752536.0
78	gmc	17	277290.0
78	jeep	21	378686.0
78	toyota	13	227360.0
78	ford	60	842351.0
78	ram	10	172821.0
78	volkswagen	11	104140.0
78	nissan	32	249895.0
78	cadillac	14	415684.0
81	toyota	16	497825.0
81	ford	35	1395002.0
81	chevrolet	21	774178.0
81	ram	27	1032917.0
81	jeep	10	270841.0
81	gmc	12	611539.0
81	nissan	11	185446.0
84	hyundai	11	109113.0
84	ford	64	1084521.0
84	lexus	11	268458.0
84	bmw	21	325224.0
84	honda	14	115560.0
84	nissan	13	144674.0
84	toyota	32	539155.0
84	acura	13	313270.0
84	chevrolet	37	649895.0
84	jeep	22	324811.0
84	buick	17	450660.0
84	mercedes-benz	18	368103.0
87	chevrolet	70	1531480.0
87	ram	52	1652363.0
87	toyota	22	336668.0
87	nissan	13	160370.0
87	ford	140	4153364.0
87	jeep	27	770710.0
87	dodge	15	245950.0
9	toyota	165	2111123.0
9	chevrolet	264	4770912.0
9	audi	68	1369215.0
9	honda	176	1542832.0
9	lexus	50	1037671.0
9	jeep	123	1801205.0
9	subaru	139	1227473.0
9	ford	367	5937020.0
9	volvo	44	495151.0
9	hyundai	47	487788.0
9	bmw	67	1320977.0
9	mercury	39	70990.0
9	ram	64	1824085.0
9	dodge	61	630785.0
9	mini	20	246454.0
9	nissan	84	961693.0
9	volkswagen	54	608714.0
9	acura	52	934765.0
9	mercedes-benz	36	789532.0
9	mitsubishi	33	529085.0
9	kia	41	517744.0
9	infiniti	24	334974.0
9	buick	27	378198.0
9	mazda	23	251095.0
9	gmc	85	2064323.0
9	rover	13	324710.0
9	jaguar	12	223820.0
9	cadillac	36	711102.0
9	chrysler	28	205520.0
9	pontiac	12	170195.0
9	lincoln	17	269718.0
90	ford	205	4912366.0
90	gmc	70	1541056.0
90	jeep	33	681999.0
90	audi	21	461572.0
90	toyota	127	2997046.0
90	bmw	21	517258.0
90	volkswagen	15	242429.0
90	nissan	57	867484.0
90	hyundai	26	411307.0
90	chevrolet	177	3928342.0
90	ram	74	2206860.0
90	honda	46	841117.0
90	dodge	62	1388637.0
90	infiniti	15	453298.0
90	kia	29	492876.0
90	cadillac	11	395682.0
90	mazda	38	460157.0
90	mercedes-benz	23	661835.0
90	buick	11	138794.0
90	chrysler	12	184362.0
90	lexus	23	328583.0
93	chevrolet	314	5485348.0
93	gmc	80	1915817.0
93	infiniti	38	817013.0
93	mercedes-benz	70	1748195.0
93	subaru	115	2830129.0
93	ford	515	11872006.0
93	volkswagen	99	1726496.0
93	toyota	293	4841276.0
93	jeep	117	2388867.0
93	honda	134	1646554.0
93	fiat	19	218796.0
93	ram	174	5414084.0
93	audi	47	1232897.0
93	acura	28	548586.0
93	bmw	88	1803046.0
93	volvo	20	347944.0
93	nissan	143	1821139.0
93	hyundai	66	837792.0
93	dodge	68	995802.0
93	kia	51	777986.0
93	chrysler	30	277519.0
93	rover	18	594414.0
93	porsche	34	1024295.0
93	mitsubishi	20	292463.0
93	mazda	44	503945.0
93	buick	24	496567.0
93	cadillac	33	791850.0
93	lexus	54	1123272.0
93	jaguar	12	433670.0
93	mini	22	410568.0
93	lincoln	20	381953.0
93	pontiac	16	185700.0
96	gmc	32	1098495.0
96	toyota	18	469340.0
96	bmw	11	357650.0
96	chevrolet	37	906198.0
96	ford	39	920160.0
96	ram	18	609145.0
96	nissan	10	213325.0
96	infiniti	11	342890.0
99	ram	212	7653581.0
99	nissan	130	1816862.0
99	chevrolet	346	7005882.0
99	pontiac	11	99822.0
99	honda	104	1187359.0
99	toyota	205	3425261.0
99	lexus	40	847227.0
99	jeep	87	1815234.0
99	chrysler	35	352524.0
99	dodge	80	1109735.0
99	infiniti	26	501221.0
99	ford	663	18788951.0
99	gmc	96	2670459.0
99	mitsubishi	69	1009884.0
99	mercedes-benz	74	1415729.0
99	cadillac	56	1232967.0
99	lincoln	28	575758.0
99	rover	11	423927.0
99	audi	42	910434.0
99	subaru	33	491010.0
99	kia	40	465829.0
99	bmw	61	1053979.0
99	volkswagen	64	834476.0
99	hyundai	53	423757.0
99	mazda	37	405639.0
99	buick	22	301194.0
99	mini	18	262389.0
99	volvo	19	149975.0
99	acura	22	387402.0
